0.029003,0
0.034003,-0.03125
0.039003,-0.070312
0.044003,-0.015625
0.049003,0.09375
0.054003,-0.03125
0.059003,-0.023438
0.064003,0
0.069003,0.09375
0.074003,-0.0625
0.079003,-0.015625
0.084003,0.085938
0.089003,0.015625
0.094003,-0.09375
0.099003,-0.0078125
0.104,-0.023438
0.109,0.03125
0.114,-0.0078125
0.119,-0.023438
0.124,0.0078125
0.129,-0.054688
0.134,0.0078125
0.139,0.023438
0.144,0
0.149,0
0.154,0.015625
0.159,0.03125
0.164,0.039062
0.169,0.0625
0.174,-0.0078125
0.179,-0.0625
0.184,-0.078125
0.189,-0.17969
0.194,-0.14844
0.199,0.22656
0.204,0.125
0.209,0.070312
0.214,-0.0625
0.219,-0.21094
0.224,-0.085938
0.229,0.17969
0.234,-0.10156
0.239,0.09375
0.244,0.023438
0.249,-0.070312
0.254,0.070312
0.259,-0.13281
0.264,-0.070312
0.269,0.046875
0.274,0.0625
0.279,-0.039062
0.284,-0.0625
0.289,-0.0078125
0.294,0.015625
0.299,-0.03125
0.304,0.0078125
0.309,-0.03125
0.314,0.039062
0.319,0
0.324,-0.0078125
0.329,-0.29688
0.334,0
0.339,0.46094
0.344,0.10156
0.349,-0.21094
0.354,-0.32812
0.359,0.42969
0.364,0.17969
0.369,0.14844
0.374,-0.13281
0.379,-0.35156
0.384,0
0.389,0.039062
0.394,0.09375
0.399,-0.0625
0.404,-0.039062
0.409,-0.03125
0.414,0.10156
0.419,-0.070312
0.424,-0.085938
0.429,0.054688
0.434,-0.03125
0.439,-0.15625
0.444,0.13281
0.449,0.046875
0.454,-0.32812
0.459,0.085938
0.464,-0.078125
0.469,0.054688
0.474,0.33594
0.479,-0.53125
0.484,-0.03125
0.489,-0.91406
0.494,-0.11719
0.499,0.74219
0.504,0.17188
0.509,-0.44531
0.514,0.45312
0.519,0.53125
0.524,-0.48438
0.529,-0.15625
0.534,-0.79688
0.539,-0.71094
0.544,-0.039062
0.549,0.71094
0.554,0.11719
0.559,0.14844
0.564,-0.57031
0.569,0.42188
0.574,0.0625
0.579,0.20312
0.584,-0.27344
0.589,0.15625
0.594,-0.046875
0.599,-0.53906
0.604,0.10156
0.609,0.15625
0.614,0.0078125
0.619,-0.19531
0.624,0.27344
0.629,-0.33594
0.634,-0.10156
0.639,0.28125
0.644,0.046875
0.649,-0.039062
0.654,-0.19531
0.659,-0.28906
0.664,0.42969
0.669,-0.0625
0.674,0.09375
0.679,-0.53125
0.684,0.25
0.689,-0.09375
0.694,0.45312
0.699,-0.39844
0.704,-0.023438
0.709,-0.60156
0.714,0.21094
0.719,-0.11719
0.724,0.33594
0.729,-0.32031
0.734,-0.23438
0.739,0.67188
0.744,-0.83594
0.749,0.42188
0.754,-0.0625
0.759,0.53125
0.764,-0.42188
0.769,0.78906
0.774,-0.64844
0.779,0.16406
0.784,0.73438
0.789,-0.76562
0.794,0.6875
0.799,0.30469
0.804,-0.99219
0.809,0.30469
0.814,0.32812
0.819,-0.32812
0.824,0.14844
0.829,0.78125
0.834,-0.9375
0.839,-0.17969
0.844,0.58594
0.849,-0.85156
0.854,0.14844
0.859,-0.21875
0.864,0.046875
0.869,0.16406
0.874,0.30469
0.879,-0.25
0.884,-0.070312
0.889,0.16406
0.894,-0.25
0.899,0.015625
0.904,-0.125
0.909,0.054688
0.914,0.57031
0.919,-0.59375
0.924,0.0078125
0.929,-0.14844
0.934,0.32812
0.939,-0.25781
0.944,-0.34375
0.949,-0.054688
0.954,0.13281
0.959,0.38281
0.964,0.25
0.969,-0.17188
0.974,-0.19531
0.979,-0.16406
0.984,-0.0078125
0.989,0.14844
0.994,-0.21875
0.999,-0.015625
1.004,-0.35156
1.009,0.27344
1.014,0.25781
1.019,0.14062
1.024,0.11719
1.029,-0.64844
1.034,-0.45312
1.039,0.46094
1.044,0.22656
1.049,-0.054688
1.054,-0.72656
1.059,0.10156
1.064,0.36719
1.069,0.3125
1.074,0.0078125
1.079,-0.10156
1.084,-0.28125
1.089,-0.70312
1.094,-0.19531
1.099,0.5
1.104,-0.53125
1.109,0.98438
1.114,0.42969
1.119,-0.88281
1.124,0.99219
1.129,-0.21094
1.134,0.58594
1.139,0.89062
1.144,-0.96094
1.149,-0.10156
1.154,0.046875
1.159,-0.64844
1.164,-0.16406
1.169,0.039062
1.174,-0.83594
1.179,0.0078125
1.184,0.40625
1.189,0.20312
1.194,0.15625
1.199,-0.5625
1.204,-0.023438
1.209,0.10938
1.214,-0.22656
1.219,0.17188
1.224,0.03125
1.229,-0.15625
1.234,-0.0078125
1.239,-0.21094
1.244,0.13281
1.249,-0.023438
1.254,0.11719
1.259,0.046875
1.264,-0.13281
1.269,0.046875
1.274,0.10156
1.279,-0.054688
1.284,-0.19531
1.289,0.14844
1.294,0.03125
1.299,-0.21875
1.304,0.046875
1.309,0.66406
1.314,-0.88281
1.319,0.84375
1.324,-0.25781
1.329,-0.33594
1.334,0.28906
1.339,0.77344
1.344,-0.75
1.349,-0.79688
1.354,0.046875
1.359,-0.046875
1.364,-0.125
1.369,0.44531
1.374,-0.73438
1.379,0.054688
1.384,0.71094
1.389,-0.48438
1.394,0.51562
1.399,-0.17969
1.404,-0.054688
1.409,-0.085938
1.414,0.36719
1.419,-0.54688
1.424,0.0078125
1.429,0.14062
1.434,-0.11719
1.439,-0.1875
1.444,0.14062
1.449,0.0078125
1.454,0
1.459,-0.1875
1.464,0.10938
1.469,-0.19531
1.474,0.046875
1.479,0.03125
1.484,-0.023438
1.489,0
1.494,-0.085938
1.499,-0.070312
1.504,0.03125
1.509,0.0078125
1.514,0.023438
1.519,-0.1875
1.524,0.015625
1.529,0.070312
1.534,0.015625
1.539,0.24219
1.544,-0.28125
1.549,-0.14844
1.554,0.046875
1.559,0.63281
1.564,-0.25781
1.569,-0.015625
1.574,0.42188
1.579,-0.39844
1.584,0.64844
1.589,-0.875
1.594,0.10938
1.599,0.078125
1.604,-0.26562
1.609,-0.66406
1.614,0.94531
1.619,-0.34375
1.624,-0.57031
1.629,0.50781
1.634,-0.75781
1.639,0.52344
1.644,-0.66406
1.649,0.83594
1.654,0.89844
1.659,-0.61719
1.664,0.75781
1.669,-0.42188
1.674,0.42188
1.679,0.53125
1.684,0.99219
1.689,-0.125
1.694,-0.64062
1.699,-0.20312
1.704,-0.054688
1.709,0.21094
1.714,-0.10938
1.719,0.015625
1.724,0.27344
1.729,0.49219
1.734,-0.5625
1.739,-0.38281
1.744,-0.078125
1.749,0.03125
1.754,-0.078125
1.759,-0.015625
1.764,-0.13281
1.769,0.1875
1.774,-0.21094
1.779,-0.21094
1.784,-0.03125
1.789,-0.0625
1.794,-0.09375
1.799,0.16406
1.804,-0.11719
1.809,-0.023438
1.814,-0.0078125
1.819,0.0625
1.824,-0.13281
1.829,-0.078125
1.834,0.0078125
1.839,-0.054688
1.844,-0.03125
1.849,0.03125
1.854,0.03125
1.859,-0.0625
1.864,-0.039062
1.869,0.046875
1.874,-0.0625
1.879,-0.039062
1.884,0.046875
1.889,0.015625
1.894,-0.0078125
1.899,0.023438
1.904,0.039062
1.909,-0.0078125
1.914,-0.039062
1.919,-0.085938
1.924,-0.078125
1.929,0.023438
1.934,0.023438
1.939,0.023438
1.944,-0.046875
1.949,0.0078125
1.954,0.0078125
1.959,-0.023438
1.964,-0.023438
1.969,-0.015625
1.974,-0.03125
1.979,-0.0078125
1.984,0.0078125
1.989,-0.023438
1.994,0.0078125
1.999,-0.054688
2.004,-0.054688
2.009,-0.039062
2.014,-0.0078125
2.019,0.054688
2.024,0
2.029,-0.03125
2.034,-0.039062
2.039,0.085938
2.044,-0.0078125
2.049,0.03125
2.054,-0.015625
2.059,-0.03125
2.064,-0.0078125
2.069,-0.0625
2.074,0.03125
2.079,-0.046875
2.084,-0.054688
2.089,0.039062
2.094,0
2.099,0.10938
2.104,-0.046875
2.109,-0.085938
2.114,0.13281
2.119,0.015625
2.124,0
2.129,-0.03125
2.134,-0.078125
2.139,0
2.144,0.023438
2.149,0.039062
2.154,-0.054688
2.159,-0.054688
2.164,0.03125
2.169,0.039062
2.174,-0.039062
2.179,-0.09375
2.184,-0.015625
2.189,0.015625
2.194,-0.03125
2.199,-0.070312
2.204,0.015625
2.209,0
2.214,-0.015625
2.219,0.03125
2.224,0.023438
2.229,-0.023438
2.234,-0.039062
2.239,-0.023438
2.244,-0.023438
2.249,0.03125
2.254,0.0078125
2.259,-0.0078125
2.264,-0.039062
2.269,-0.015625
2.274,0.046875
2.279,-0.0078125
2.284,-0.0625
2.289,-0.070312
2.294,0
2.299,0.015625
2.304,0
2.309,-0.015625
2.314,-0.015625
2.319,0.0078125
2.324,-0.046875
2.329,-0.0078125
2.334,0.125
2.339,0.015625
2.344,0.015625
2.349,-0.023438
2.354,-0.11719
2.359,-0.054688
2.364,0.09375
2.369,0.03125
2.374,-0.0625
2.379,0.015625
2.384,-0.0078125
2.389,-0.039062
2.394,-0.15625
2.399,-0.039062
2.404,0.25781
2.409,0.0625
2.414,0.125
2.419,-0.023438
2.424,-0.17188
2.429,0.10156
2.434,-0.10938
2.439,0.03125
2.444,0.085938
2.449,-0.023438
2.454,-0.4375
2.459,-0.35938
2.464,0.64844
2.469,0.69531
2.474,-0.17188
2.479,-0.046875
2.484,-0.70312
2.489,-0.21094
2.494,0.8125
2.499,-0.40625
2.504,-0.39062
2.509,-0.046875
2.514,-0.023438
2.519,0.14062
2.524,0.15625
2.529,-0.30469
2.534,0.0078125
2.539,0.25781
2.544,-0.023438
2.549,-0.10156
2.554,0.16406
2.559,0.44531
2.564,-0.1875
2.569,-0.039062
2.574,-0.023438
2.579,-0.3125
2.584,0.30469
2.589,0.28125
2.594,-0.77344
2.599,0.25
2.604,-0.28125
2.609,-0.25
2.614,-0.28125
2.619,0.3125
2.624,0.039062
2.629,-0.0625
2.634,-0.15625
2.639,-0.125
2.644,-0.039062
2.649,-0.25
2.654,0.17188
2.659,-0.10156
2.664,0.015625
2.669,0.32812
2.674,0.48438
2.679,-0.35156
2.684,-0.11719
2.689,-0.1875
2.694,0.24219
2.699,0.070312
2.704,-0.35938
2.709,-0.32812
2.714,0.20312
2.719,-0.054688
2.724,0.17188
2.729,0.10156
2.734,-0.17188
2.739,0.039062
2.744,0.03125
2.749,0.078125
2.754,-0.023438
2.759,-0.078125
2.764,0.16406
2.769,0.085938
2.774,0
2.779,0.0078125
2.784,0.046875
2.789,-0.0078125
2.794,-0.070312
2.799,0.054688
2.804,0.0625
2.809,-0.039062
2.814,0.0625
2.819,0.03125
2.824,0.0625
2.829,-0.0078125
2.834,-0.0625
2.839,0.070312
2.844,0.0078125
2.849,-0.0078125
2.854,-0.015625
2.859,0.0078125
2.864,0.03125
2.869,0.046875
2.874,-0.039062
2.879,-0.0078125
2.884,-0.0078125
2.889,-0.015625
2.894,-0.015625
2.899,0
2.904,0.023438
2.909,-0.015625
2.914,0
2.919,-0.03125
2.924,0
2.929,-0.015625
2.934,-0.03125
2.939,0.015625
2.944,0
2.949,-0.0078125
2.954,0
2.959,-0.039062
2.964,-0.015625
2.969,0.03125
2.974,0
2.979,0
2.984,-0.023438
2.989,0.039062
2.994,-0.015625
2.999,-0.0078125
3.004,-0.023438
3.009,-0.046875
3.014,0.0078125
3.019,0.054688
3.024,-0.0078125
3.029,-0.015625
3.034,-0.039062
3.039,-0.039062
3.044,-0.0078125
3.049,0
3.054,-0.015625
3.059,-0.054688
3.064,0.03125
3.069,-0.023438
3.074,-0.023438
3.079,0.015625
3.084,-0.03125
3.089,-0.03125
3.094,0.078125
3.099,0.24219
3.104,0.5625
3.109,-0.6875
3.114,-0.28125
3.119,-0.046875
3.124,0.0078125
3.129,0.32031
3.134,0.10938
3.139,-0.078125
3.144,-0.0625
3.149,0.03125
3.154,-0.054688
3.159,0.054688
3.164,-0.14062
3.169,0.015625
3.174,0.078125
3.179,-0.039062
3.184,-0.11719
3.189,0.046875
3.194,0.085938
3.199,-0.039062
3.204,-0.13281
3.209,0.085938
3.214,0.0078125
3.219,-0.0625
3.224,-0.0078125
3.229,0.10156
3.234,-0.03125
3.239,-0.070312
3.244,-0.023438
3.249,-0.0078125
3.254,-0.015625
3.259,0.046875
3.264,-0.039062
3.269,-0.0078125
3.274,0
3.279,-0.023438
3.284,-0.039062
3.289,0.015625
3.294,-0.015625
3.299,-0.0078125
3.304,0.039062
3.309,0
3.314,0.015625
3.319,-0.023438
3.324,-0.054688
3.329,0.03125
3.334,-0.023438
3.339,-0.054688
3.344,0.015625
3.349,0.015625
3.354,-0.015625
3.359,-0.046875
3.364,-0.023438
3.369,-0.070312
3.374,0.10938
3.379,0.0625
3.384,-0.15625
3.389,0.10156
3.394,0.0625
3.399,-0.078125
3.404,0.125
3.409,-0.09375
3.414,-0.10156
3.419,0.023438
3.424,-0.0078125
3.429,0.15625
3.434,-0.03125
3.439,-0.070312
3.444,-0.03125
3.449,0.039062
3.454,-0.10938
3.459,0.070312
3.464,0.046875
3.469,-0.078125
3.474,0
3.479,-0.023438
3.484,-0.03125
3.489,-0.078125
3.494,0.023438
3.499,-0.0078125
3.504,-0.015625
3.509,-0.039062
3.514,-0.015625
3.519,0.03125
3.524,-0.039062
3.529,0.023438
3.534,-0.046875
3.539,0.015625
3.544,-0.023438
3.549,-0.023438
3.554,0
3.559,0.046875
3.564,-0.023438
3.569,-0.023438
3.574,0.078125
3.579,-0.0625
3.584,0.015625
3.589,-0.039062
3.594,-0.046875
3.599,-0.015625
3.604,0.015625
3.609,-0.015625
3.614,-0.0078125
3.619,-0.015625
3.624,-0.039062
3.629,-0.03125
3.634,0.015625
3.639,-0.023438
3.644,-0.078125
3.649,0
3.654,-0.039062
3.659,0.10156
3.664,0.11719
3.669,0.03125
3.674,-0.14062
3.679,-0.10156
3.684,0.03125
3.689,0.21875
3.694,0.046875
3.699,-0.0625
3.704,-0.14844
3.709,-0.09375
3.714,0.0078125
3.719,0.0078125
3.724,0.070312
3.729,-0.046875
3.734,-0.21875
3.739,-0.28125
3.744,0.55469
3.749,0.15625
3.754,-0.14062
3.759,-0.0625
3.764,-0.32031
3.769,-0.14062
3.774,0.27344
3.779,0.19531
3.784,0.30469
3.789,-0.32031
3.794,-0.20312
3.799,-0.20312
3.804,-0.53906
3.809,0.14062
3.814,-0.14062
3.819,0.76562
3.824,-0.3125
3.829,-0.70312
3.834,0.46875
3.839,-0.90625
3.844,0.92188
3.849,-0.89062
3.854,-0.64062
3.859,0.76562
3.864,0.52344
3.869,-0.3125
3.874,0.63281
3.879,-1
3.884,0.26562
3.889,0
3.894,0.54688
3.899,0.44531
3.904,-0.48438
3.909,0.32031
3.914,-0.97656
3.919,0.99219
3.924,-0.64062
3.929,-0.36719
3.934,-0.054688
3.939,0.60156
3.944,-1
3.949,0.17969
3.954,0.79688
3.959,-0.69531
3.964,0.57812
3.969,-0.35156
3.974,-0.44531
3.979,0.32812
3.984,-0.78906
3.989,0.99219
3.994,0.14844
3.999,-0.78125
4.004,-0.78125
4.009,0.35938
4.014,0.15625
4.019,-0.38281
4.024,0.11719
4.029,-0.47656
4.034,0.1875
4.039,0.078125
4.044,0.09375
4.049,-0.09375
4.054,-0.0625
4.059,-0.57031
4.064,0.65625
4.069,0.36719
4.074,-0.57812
4.079,0.39844
4.084,0.64062
4.089,0.085938
4.094,-0.36719
4.099,-0.10156
4.104,-0.10156
4.109,-0.21094
4.114,0.41406
4.119,0.039062
4.124,-0.10156
4.129,0.085938
4.134,-0.09375
4.139,0
4.144,-0.13281
4.149,-0.0078125
4.154,0
4.159,-0.125
4.164,0.03125
4.169,0.0078125
4.174,-0.023438
4.179,-0.023438
4.184,-0.03125
4.189,0
4.194,-0.078125
4.199,0.0078125
4.204,-0.039062
4.209,-0.039062
4.214,0.0078125
4.219,0
4.224,-0.023438
4.229,0.023438
4.234,-0.039062
4.239,-0.023438
4.244,-0.0078125
4.249,-0.015625
4.254,-0.015625
4.259,-0.039062
4.264,0.0078125
4.269,-0.0078125
4.274,-0.015625
4.279,-0.039062
4.284,0.054688
4.289,-0.03125
4.294,-0.023438
4.299,0.015625
4.304,-0.054688
4.309,-0.015625
4.314,-0.023438
4.319,0.0078125
4.324,-0.03125
4.329,0.0078125
4.334,0.046875
4.339,-0.015625
4.344,-0.10938
4.349,0.078125
4.354,-0.0078125
4.359,-0.015625
4.364,-0.039062
4.369,0.046875
4.374,-0.03125
4.379,0.0078125
4.384,-0.054688
4.389,-0.03125
4.394,0.046875
4.399,-0.023438
4.404,0.0078125
4.409,-0.039062
4.414,0.0078125
4.419,-0.046875
4.424,0.046875
4.429,-0.0078125
4.434,0
4.439,-0.03125
4.444,0
4.449,-0.10938
4.454,0.09375
4.459,0.39844
4.464,-0.34375
4.469,0.26562
4.474,-0.0078125
4.479,0.11719
4.484,0.41406
4.489,-0.32812
4.494,-0.53125
4.499,-0.015625
4.504,-0.0625
4.509,0.10938
4.514,0.16406
4.519,-0.26562
4.524,0.16406
4.529,-0.015625
4.534,-0.015625
4.539,0.015625
4.544,-0.03125
4.549,0.03125
4.554,0.0078125
4.559,-0.046875
4.564,-0.015625
4.569,-0.070312
4.574,0.10156
4.579,-0.085938
4.584,-0.046875
4.589,0.0625
4.594,0.015625
4.599,-0.023438
4.604,-0.0078125
4.609,0.0078125
4.614,-0.0078125
4.619,-0.0625
4.624,-0.0078125
4.629,-0.0078125
4.634,0.0078125
4.639,0
4.644,-0.09375
4.649,0.0625
4.654,-0.046875
4.659,0.0625
4.664,-0.125
4.669,0
4.674,0.0625
4.679,-0.14062
4.684,-0.054688
4.689,-0.15625
4.694,0.03125
4.699,0.039062
4.704,-0.023438
4.709,-0.17188
4.714,0.015625
4.719,0
4.724,-0.55469
4.729,0.67188
4.734,0.21094
4.739,0.16406
4.744,0.125
4.749,-0.57812
4.754,-0.32031
4.759,-0.125
4.764,0.42188
4.769,0.078125
4.774,-0.054688
4.779,-0.25781
4.784,-0.44531
4.789,0.67188
4.794,0.11719
4.799,0.125
4.804,0.054688
4.809,-0.35938
4.814,0.11719
4.819,-0.25781
4.824,-0.078125
4.829,-0.023438
4.834,0.26562
4.839,-0.078125
4.844,-0.015625
4.849,0.51562
4.854,-0.36719
4.859,0.40625
4.864,0.14062
4.869,0.09375
4.874,0.78125
4.879,-0.63281
4.884,0.24219
4.889,-0.78906
4.894,0.79688
4.899,-0.015625
4.904,-0.20312
4.909,0.09375
4.914,-1
4.919,0.39062
4.924,-0.070312
4.929,0.09375
4.934,-0.25
4.939,0.28125
4.944,-0.125
4.949,-0.015625
4.954,-0.1875
4.959,-0.078125
4.964,0.21875
4.969,-0.085938
4.974,0
4.979,-0.039062
4.984,0.10938
4.989,0.0625
4.994,-0.054688
4.999,-0.023438
5.004,0.14062
5.009,-0.085938
5.014,-0.015625
5.019,0.023438
5.024,0.0625
5.029,-0.0625
5.034,-0.015625
5.039,0.078125
5.044,0.03125
5.049,-0.046875
5.054,0.039062
5.059,0.015625
5.064,0.03125
5.069,-0.023438
5.074,0.015625
5.079,0
5.084,-0.015625
5.089,0.0625
5.094,-0.015625
5.099,-0.054688
5.104,0.046875
5.109,-0.10938
5.114,-0.0078125
5.119,0.039062
5.124,0.023438
5.129,-0.070312
5.134,-0.015625
5.139,-0.015625
5.144,0
5.149,-0.023438
5.154,-0.023438
5.159,0.0078125
5.164,-0.0078125
5.169,0.039062
5.174,-0.054688
5.179,0.0078125
5.184,-0.039062
5.189,0.046875
5.194,0.023438
5.199,-0.0078125
5.204,-0.023438
5.209,0
5.214,0
5.219,0
5.224,0.039062
5.229,-0.023438
5.234,0
5.239,-0.14062
5.244,0.085938
5.249,0.039062
5.254,-0.015625
5.259,-0.015625
5.264,-0.070312
5.269,0.039062
5.274,0.015625
5.279,-0.023438
5.284,0.015625
5.289,-0.13281
5.294,0.0625
5.299,0.22656
5.304,-0.19531
5.309,-0.039062
5.314,0.015625
5.319,-0.078125
5.324,-0.015625
5.329,0.09375
5.334,-0.039062
5.339,0.015625
5.344,0.023438
5.349,-0.0625
5.354,0.054688
5.359,-0.046875
5.364,0.046875
5.369,0
5.374,-0.023438
5.379,-0.10938
5.384,0.046875
5.389,0.0078125
5.394,-0.046875
5.399,0
5.404,-0.015625
5.409,0.0078125
5.414,-0.0625
5.419,0.085938
5.424,0.015625
5.429,-0.039062
5.434,0.0078125
5.439,-0.015625
5.444,-0.015625
5.449,0.023438
5.454,-0.015625
5.459,-0.0078125
5.464,-0.0078125
5.469,-0.039062
5.474,-0.0078125
5.479,-0.03125
5.484,0.054688
5.489,0.0078125
5.494,-0.015625
5.499,-0.015625
5.504,-0.03125
5.509,0
5.514,0.015625
5.519,-0.039062
5.524,0
5.529,0.0078125
5.534,0.015625
5.539,0.0078125
5.544,-0.015625
5.549,-0.023438
5.554,-0.015625
5.559,0
5.564,-0.0078125
5.569,0
5.574,0.0078125
5.579,-0.039062
5.584,-0.015625
5.589,-0.03125
5.594,0.0078125
5.599,0.0078125
5.604,0.0078125
5.609,-0.015625
5.614,-0.03125
5.619,-0.023438
5.624,-0.0625
5.629,-0.023438
5.634,-0.10156
5.639,-0.125
5.644,0.22656
5.649,0.015625
5.654,-0.046875
5.659,-0.10156
5.664,0.19531
5.669,-0.21875
5.674,-0.19531
5.679,0.76562
5.684,-0.17188
5.689,-0.32031
5.694,-0.023438
5.699,0.054688
5.704,0.54688
5.709,-0.17969
5.714,-0.17188
5.719,-0.5625
5.724,-0.25
5.729,0.55469
5.734,0.82812
5.739,-0.35156
5.744,-0.46094
5.749,0.34375
5.754,0.625
5.759,0.60938
5.764,-0.9375
5.769,-0.054688
5.774,-0.21094
5.779,-0.39844
5.784,0.039062
5.789,-0.34375
5.794,0.375
5.799,0.40625
5.804,-0.80469
5.809,0.64844
5.814,-0.039062
5.819,0.80469
5.824,0.20312
5.829,-0.71094
5.834,0.50781
5.839,0.20312
5.844,0.51562
5.849,-0.11719
5.854,-0.53125
5.859,-0.54688
5.864,-0.3125
5.869,-0.20312
5.874,0.16406
5.879,-0.78125
5.884,0.23438
5.889,0.52344
5.894,-0.60156
5.899,0.17969
5.904,0.11719
5.909,0.11719
5.914,-0.10938
5.919,0.0625
5.924,0.17969
5.929,0.10156
5.934,-0.03125
5.939,-0.14062
5.944,0.039062
5.949,-0.27344
5.954,0.25781
5.959,-0.09375
5.964,0.14062
5.969,0.070312
5.974,-0.24219
5.979,0.046875
5.984,0.14844
5.989,-0.039062
5.994,-0.22656
5.999,-0.023438
6.004,-0.015625
6.009,-0.03125
6.014,-0.054688
6.019,-0.0078125
6.024,0.054688
6.029,0.046875
6.034,-0.085938
6.039,-0.046875
6.044,0.039062
6.049,0.0078125
6.054,-0.14062
6.059,-0.0625
6.064,0.03125
6.069,-0.015625
6.074,0.023438
6.079,-0.039062
6.084,0.070312
6.089,-0.015625
6.094,-0.046875
6.099,-0.09375
6.104,-0.015625
6.109,0.0625
6.114,-0.085938
6.119,0.11719
6.124,-0.078125
6.129,0.0078125
6.134,-0.09375
6.139,0.070312
6.144,0.16406
6.149,-0.11719
6.154,-0.13281
6.159,0
6.164,0
6.169,0.10938
6.174,0.054688
6.179,0.046875
6.184,-0.015625
6.189,0.046875
6.194,-0.039062
6.199,-0.10938
6.204,0.16406
6.209,-0.10156
6.214,0.023438
6.219,-0.039062
6.224,-0.1875
6.229,0.085938
6.234,0.10156
6.239,-0.085938
6.244,0.023438
6.249,-0.10156
6.254,0.054688
6.259,0.023438
6.264,0
6.269,-0.085938
6.274,0
6.279,-0.015625
6.284,-0.0625
6.289,0.054688
6.294,0
6.299,0.023438
6.304,-0.039062
6.309,-0.039062
6.314,-0.03125
6.319,0.023438
6.324,-0.070312
6.329,-0.03125
6.334,0.015625
6.339,-0.03125
6.344,-0.015625
6.349,-0.023438
6.354,-0.09375
6.359,-0.17969
6.364,0.13281
6.369,-0.42188
6.374,-0.38281
6.379,0.046875
6.384,-0.33594
6.389,0
6.394,0.74219
6.399,-0.82031
6.404,-0.64844
6.409,0.625
6.414,0.22656
6.419,0.46875
6.424,0.023438
6.429,-0.84375
6.434,-0.039062
6.439,-0.11719
6.444,-0.86719
6.449,0.99219
6.454,-0.11719
6.459,-0.35156
6.464,0.73438
6.469,-1
6.474,0.3125
6.479,-0.21875
6.484,-0.3125
6.489,-0.40625
6.494,0.48438
6.499,-0.03125
6.504,0.27344
6.509,-0.23438
6.514,-0.78906
6.519,-0.0625
6.524,0.10938
6.529,0.32031
6.534,-0.13281
6.539,0.1875
6.544,-0.32812
6.549,-0.24219
6.554,0.085938
6.559,0.50781
6.564,0.28906
6.569,-0.125
6.574,-0.57031
6.579,0.34375
6.584,0.61719
6.589,0.23438
6.594,-0.35938
6.599,-0.22656
6.604,-0.0078125
6.609,0.14844
6.614,0.13281
6.619,-0.078125
6.624,-0.09375
6.629,0.14062
6.634,-0.070312
6.639,0.03125
6.644,-0.19531
6.649,0.13281
6.654,0.054688
6.659,-0.19531
6.664,0.078125
6.669,0.21875
6.674,0.09375
6.679,-0.61719
6.684,-0.054688
6.689,0.32031
6.694,-0.078125
6.699,-0.10938
6.704,0.20312
6.709,-0.054688
6.714,-0.046875
6.719,0.09375
6.724,0.39844
6.729,-0.21875
6.734,0.14062
6.739,0
6.744,-0.125
6.749,0.11719
6.754,-0.17969
6.759,0.1875
6.764,-0.039062
6.769,-0.085938
6.774,-0.015625
6.779,0.15625
6.784,-0.070312
6.789,-0.15625
6.794,-0.03125
6.799,0.14844
6.804,-0.14844
6.809,0.03125
6.814,-0.0078125
6.819,-0.015625
6.824,0
6.829,0
6.834,-0.046875
6.839,0.023438
6.844,-0.023438
6.849,-0.015625
6.854,-0.054688
6.859,-0.0078125
6.864,0.070312
6.869,-0.023438
6.874,-0.015625
6.879,0.10938
6.884,-0.054688
6.889,-0.046875
6.894,0.039062
6.899,0.054688
6.904,-0.070312
6.909,0.070312
6.914,-0.070312
6.919,-0.03125
6.924,0.09375
6.929,-0.039062
6.934,-0.0625
6.939,0.070312
6.944,-0.085938
6.949,0.085938
6.954,0.054688
6.959,-0.13281
6.964,-0.023438
6.969,0.24219
6.974,0.054688
6.979,-0.03125
6.984,-0.26562
6.989,-0.26562
6.994,0.36719
6.999,-0.039062
7.004,0.38281
7.009,-0.13281
7.014,-0.26562
7.019,0.24219
7.024,-0.29688
7.029,-0.10156
7.034,0.125
7.039,-0.09375
7.044,0.023438
7.049,-0.039062
7.054,-0.67188
7.059,0.36719
7.064,0.054688
7.069,0.17188
7.074,0.0078125
7.079,-0.15625
7.084,-0.078125
7.089,0
7.094,-0.023438
7.099,-0.0625
7.104,0.0078125
7.109,-0.0625
7.114,0.078125
7.119,-0.09375
7.124,-0.078125
7.129,-0.015625
7.134,0.10156
7.139,0.0078125
7.144,0.046875
7.149,0.085938
7.154,0.078125
7.159,-0.125
7.164,0.054688
7.169,-0.046875
7.174,-0.17188
7.179,0.25781
7.184,-0.070312
7.189,-0.070312
7.194,0.10156
7.199,-0.23438
7.204,0.0625
7.209,-0.0625
7.214,0.015625
7.219,0
7.224,0.03125
7.229,-0.023438
7.234,-0.0078125
7.239,-0.046875
7.244,-0.046875
7.249,0.03125
7.254,0.015625
7.259,-0.015625
7.264,-0.023438
7.269,0.0078125
7.274,0.070312
7.279,-0.11719
7.284,0.023438
7.289,0.078125
7.294,-0.054688
7.299,0
7.304,-0.03125
7.309,-0.039062
7.314,-0.023438
7.319,-0.023438
7.324,0.085938
7.329,-0.054688
7.334,-0.023438
7.339,0.03125
7.344,0
7.349,0.015625
7.354,-0.0078125
7.359,0.023438
7.364,-0.054688
7.369,0.023438
7.374,0.070312
7.379,-0.0078125
7.384,-0.039062
7.389,-0.039062
7.394,-0.03125
7.399,-0.046875
7.404,0.11719
7.409,-0.015625
7.414,-0.039062
7.419,-0.046875
7.424,-0.17969
7.429,0.13281
7.434,-0.070312
7.439,-0.070312
7.444,-0.03125
7.449,-0.3125
7.454,-0.41406
7.459,0.79688
7.464,-0.53906
7.469,-0.3125
7.474,-0.97656
7.479,0.375
7.484,0.65625
7.489,-0.71875
7.494,0.92188
7.499,-0.75781
7.504,0.015625
7.509,0.42969
7.514,-0.11719
7.519,0.99219
7.524,-0.14844
7.529,-0.45312
7.534,-0.09375
7.539,-0.375
7.544,-0.34375
7.549,0.28125
7.554,-0.03125
7.559,-0.28125
7.564,-0.0078125
7.569,0.21094
7.574,0.0625
7.579,-0.46875
7.584,0.21094
7.589,0.28125
7.594,0.21094
7.599,-0.63281
7.604,-0.26562
7.609,0.23438
7.614,-0.59375
7.619,0.29688
7.624,0.1875
7.629,-0.046875
7.634,0.17188
7.639,-0.0625
7.644,-0.32031
7.649,0.13281
7.654,0.17188
7.659,-0.078125
7.664,0.17969
7.669,-0.03125
7.674,0.078125
7.679,-0.078125
7.684,0.046875
7.689,-0.13281
7.694,-0.10156
7.699,0.16406
7.704,0.0625
7.709,0.03125
7.714,0.078125
7.719,0.015625
7.724,-0.10156
7.729,-0.125
7.734,0.14844
7.739,-0.070312
7.744,-0.0078125
7.749,0.046875
7.754,-0.09375
7.759,0.0078125
7.764,0.015625
7.769,-0.0625
7.774,0.078125
7.779,-0.03125
7.784,-0.085938
7.789,0.09375
7.794,0.039062
7.799,-0.054688
7.804,0.023438
7.809,-0.039062
7.814,-0.023438
7.819,0.0625
7.824,-0.0078125
7.829,-0.054688
7.834,0.039062
7.839,-0.015625
7.844,-0.0078125
7.849,0.0078125
7.854,0.039062
7.859,-0.03125
7.864,0
7.869,0.03125
7.874,0
7.879,0.0078125
7.884,0
7.889,-0.054688
7.894,-0.0078125
7.899,0.03125
7.904,-0.023438
7.909,0.039062
7.914,0.03125
7.919,-0.070312
7.924,-0.125
7.929,-0.1875
7.934,0.10938
7.939,0.21875
7.944,0.054688
7.949,-0.1875
7.954,0.023438
7.959,-0.46094
7.964,-0.0625
7.969,0.66406
7.974,0.63281
7.979,0.9375
7.984,-0.53906
7.989,-0.89062
7.994,-1
7.999,0.5625
8.004,0.5
8.009,0.30469
8.014,-0.19531
8.019,-0.9375
8.024,-0.375
8.029,0.03125
8.034,-0.078125
8.039,0.03125
8.044,0.10938
8.049,-0.039062
8.054,0.13281
8.059,-0.11719
8.064,0.0625
8.069,-0.75781
8.074,-0.29688
8.079,-0.1875
8.084,0.67969
8.089,0.59375
8.094,0.39844
8.099,-0.70312
8.104,0.75
8.109,-0.59375
8.114,-0.24219
8.119,-0.30469
8.124,-1
8.129,0.46875
8.134,-0.50781
8.139,0.35156
8.144,-0.039062
8.149,-0.42969
8.154,0.94531
8.159,0.27344
8.164,-0.078125
8.169,-0.53906
8.174,-0.77344
8.179,0.90625
8.184,-0.19531
8.189,0.10938
8.194,-0.40625
8.199,-0.41406
8.204,-0.1875
8.209,-0.09375
8.214,0.21875
8.219,0.52344
8.224,0.61719
8.229,0.24219
8.234,-0.375
8.239,-0.5
8.244,-0.28125
8.249,0.09375
8.254,0.039062
8.259,-0.11719
8.264,0.17969
8.269,-0.16406
8.274,0.44531
8.279,-0.57031
8.284,0.45312
8.289,-0.29688
8.294,-0.35938
8.299,0.19531
8.304,-0.0078125
8.309,-0.13281
8.314,0.070312
8.319,-0.50781
8.324,-0.21094
8.329,0.25
8.334,-0.55469
8.339,0.10938
8.344,-0.21094
8.349,0.21094
8.354,0.085938
8.359,-0.10156
8.364,-0.070312
8.369,0.75781
8.374,-0.20312
8.379,-0.054688
8.384,-0.23438
8.389,0.3125
8.394,-0.15625
8.399,0.070312
8.404,-0.078125
8.409,0.125
8.414,0.28125
8.419,-0.17969
8.424,0.0625
8.429,-0.125
8.434,0.28125
8.439,0.039062
8.444,-0.085938
8.449,-0.46094
8.454,-0.46094
8.459,0.57031
8.464,-0.20312
8.469,-0.085938
8.474,0.070312
8.479,-0.11719
8.484,-0.0078125
8.489,0.046875
8.494,0.3125
8.499,0.0078125
8.504,0.10156
8.509,-0.085938
8.514,0.21875
8.519,0.015625
8.524,-0.20312
8.529,-0.0078125
8.534,0.10156
8.539,0
8.544,0.0078125
8.549,0.046875
8.554,0.14844
8.559,-0.21094
8.564,0.0078125
8.569,-0.023438
8.574,0.10156
8.579,-0.054688
8.584,-0.03125
8.589,0.023438
8.594,0.0625
8.599,0.015625
8.604,0.0625
8.609,-0.078125
8.614,0.03125
8.619,-0.015625
8.624,-0.046875
8.629,0.070312
8.634,0.015625
8.639,-0.015625
8.644,0.03125
8.649,-0.070312
8.654,0.039062
8.659,-0.023438
8.664,-0.03125
8.669,0.0078125
8.674,0.023438
8.679,0.015625
8.684,0.015625
8.689,-0.023438
8.694,-0.023438
8.699,-0.0078125
8.704,0.023438
8.709,-0.023438
8.714,-0.0078125
8.719,-0.054688
8.724,-0.0078125
8.729,0
8.734,0.023438
8.739,-0.0078125
8.744,-0.046875
8.749,-0.023438
8.754,-0.023438
8.759,0.015625
8.764,0
8.769,0
8.774,0
8.779,0.015625
8.784,-0.023438
8.789,-0.0078125
8.794,0.015625
8.799,-0.023438
8.804,0.03125
8.809,-0.046875
8.814,-0.039062
8.819,0.03125
8.824,-0.023438
8.829,0.015625
8.834,-0.0078125
8.839,-0.03125
8.844,-0.023438
8.849,-0.0078125
8.854,0.039062
8.859,0.023438
8.864,-0.0078125
8.869,-0.03125
8.874,-0.046875
8.879,-0.03125
8.884,-0.015625
8.889,-0.03125
8.894,-0.078125
8.899,0.039062
8.904,0.015625
8.909,0.09375
8.914,0.015625
8.919,0.023438
8.924,-0.21875
8.929,0.48438
8.934,-0.046875
8.939,-0.27344
8.944,-0.47656
8.949,0.45312
8.954,0.58594
8.959,0.10156
8.964,-0.34375
8.969,-0.98438
8.974,-0.84375
8.979,0.65625
8.984,0.64062
8.989,-0.79688
8.994,0.96094
8.999,-0.74219
9.004,0.17188
9.009,0.99219
9.014,-1
9.019,0.54688
9.024,-0.5
9.029,0.30469
9.034,0.054688
9.039,-0.64844
9.044,0.35938
9.049,0.20312
9.054,0.48438
9.059,0.09375
9.064,0.52344
9.069,-0.60156
9.074,0.75
9.079,-1
9.084,0.58594
9.089,0.36719
9.094,0.33594
9.099,0.99219
9.104,0.21875
9.109,-0.5625
9.114,-0.99219
9.119,0.80469
9.124,0.5
9.129,-0.54688
9.134,0.078125
9.139,0.125
9.144,-1
9.149,0.29688
9.154,0.71094
9.159,-0.16406
9.164,0.0625
9.169,0.66406
9.174,-0.52344
9.179,0.85156
9.184,-0.046875
9.189,0.10938
9.194,-0.16406
9.199,-0.40625
9.204,-0.33594
9.209,-0.03125
9.214,0.14062
9.219,-0.55469
9.224,0.11719
9.229,-0.64062
9.234,-0.039062
9.239,-0.27344
9.244,0.53906
9.249,-0.09375
9.254,0.24219
9.259,-0.21875
9.264,0.054688
9.269,0.22656
9.274,-0.054688
9.279,0.77344
9.284,0.10938
9.289,0.1875
9.294,-0.22656
9.299,-0.32812
9.304,-0.23438
9.309,0.046875
9.314,0.085938
9.319,-0.046875
9.324,-0.0625
9.329,-0.039062
9.334,0.023438
9.339,0.125
9.344,-0.085938
9.349,-0.070312
9.354,0.09375
9.359,-0.085938
9.364,-0.0078125
9.369,0
9.374,-0.09375
9.379,0.015625
9.384,0.0078125
9.389,0.0625
9.394,-0.078125
9.399,-0.023438
9.404,-0.03125
9.409,-0.023438
9.414,0.039062
9.419,-0.070312
9.424,-0.0078125
9.429,0.015625
9.434,-0.03125
9.439,0.070312
9.444,-0.023438
9.449,-0.054688
9.454,0.078125
9.459,-0.03125
9.464,0.023438
9.469,0.078125
9.474,-0.09375
9.479,0.046875
9.484,-0.015625
9.489,-0.015625
9.494,0.0078125
9.499,-0.054688
9.504,-0.0625
9.509,-0.039062
9.514,0.015625
9.519,0.023438
9.524,-0.0078125
9.529,-0.054688
9.534,0.054688
9.539,-0.023438
9.544,0.023438
9.549,-0.03125
9.554,-0.03125
9.559,0.0078125
9.564,-0.0078125
9.569,-0.0078125
9.574,0.0078125
9.579,-0.0078125
9.584,-0.023438
9.589,-0.0078125
9.594,0.015625
9.599,-0.023438
9.604,0
9.609,0.039062
9.614,-0.03125
9.619,-0.046875
9.624,-0.015625
9.629,0.046875
9.634,-0.023438
9.639,-0.039062
9.644,-0.0078125
9.649,-0.015625
9.654,-0.03125
9.659,0.039062
9.664,-0.085938
9.669,-0.0078125
9.674,0
9.679,-0.023438
9.684,0.039062
9.689,0.015625
9.694,-0.039062
9.699,-0.054688
9.704,0
9.709,-0.03125
9.714,0.078125
9.719,0.015625
9.724,-0.0078125
9.729,-0.0078125
9.734,-0.09375
9.739,-0.17188
9.744,0.17969
9.749,0.17188
9.754,0.054688
9.759,-0.10938
9.764,-0.21875
9.769,0.30469
9.774,-0.09375
9.779,-0.039062
9.784,-0.046875
9.789,-0.14844
9.794,0.14062
9.799,0.023438
9.804,0
9.809,-0.039062
9.814,-0.0625
9.819,0.0078125
9.824,0.10156
9.829,-0.09375
9.834,-0.0625
9.839,0.10156
9.844,-0.023438
9.849,-0.09375
9.854,0.0078125
9.859,0.0625
9.864,-0.054688
9.869,-0.070312
9.874,0.023438
9.879,0.054688
9.884,-0.1875
9.889,0.0078125
9.894,0.078125
9.899,0.085938
9.904,0.3125
9.909,-0.79688
9.914,0.52344
9.919,-0.24219
9.924,-0.03125
9.929,0.09375
9.934,-0.11719
9.939,-0.60156
9.944,0.50781
9.949,0.14062
9.954,-0.10938
9.959,0.5625
9.964,-0.50781
9.969,-0.41406
9.974,0.42188
9.979,0.25781
9.984,-0.38281
9.989,0.58594
9.994,-0.4375
9.999,0.10156
10.004,-0.09375
10.009,-0.23438
10.014,-0.33594
10.019,0.66406
10.024,-0.10156
10.029,0.16406
10.034,0.023438
10.039,0.125
10.044,0.49219
10.049,0.039062
10.054,0.054688
10.059,-0.42188
