0.023998,-0.015625
0.028998,0.03125
0.033998,-0.03125
0.038998,-0.03125
0.043998,-0.03125
0.048998,-0.03125
0.053998,0
0.058998,-0.0078125
0.063998,-0.023438
0.068998,0.0078125
0.073998,-0.0625
0.078998,-0.054688
0.083998,0.085938
0.088998,-0.070312
0.093998,0.10156
0.098998,0.0078125
0.104,-0.054688
0.109,-0.015625
0.114,-0.054688
0.119,-0.03125
0.124,0.0078125
0.129,-0.023438
0.134,-0.0078125
0.139,0
0.144,-0.078125
0.149,0.21094
0.154,-0.015625
0.159,-0.015625
0.164,-0.03125
0.169,-0.085938
0.174,-0.0078125
0.179,-0.0078125
0.184,-0.046875
0.189,0.0078125
0.194,0
0.199,-0.0078125
0.204,0.023438
0.209,-0.03125
0.214,-0.023438
0.219,0.015625
0.224,0.015625
0.229,-0.023438
0.234,-0.03125
0.239,0.0078125
0.244,0.0078125
0.249,-0.054688
0.254,-0.023438
0.259,-0.03125
0.264,0.070312
0.269,-0.10938
0.274,-0.015625
0.279,0.03125
0.284,-0.0625
0.289,0.32031
0.294,-0.0078125
0.299,-0.10156
0.304,0
0.309,-0.13281
0.314,0.023438
0.319,-0.11719
0.324,0.085938
0.329,0
0.334,-0.0078125
0.339,0.039062
0.344,-0.015625
0.349,0
0.354,0.0078125
0.359,-0.0078125
0.364,-0.039062
0.369,-0.015625
0.374,-0.0625
0.379,0.13281
0.384,-0.11719
0.389,0.0078125
0.394,-0.015625
0.399,0.085938
0.404,0.015625
0.409,-0.10938
0.414,-0.023438
0.419,0.046875
0.424,-0.046875
0.429,-0.023438
0.434,0.22656
0.439,-0.054688
0.444,0.023438
0.449,-0.070312
0.454,0.0078125
0.459,-0.015625
0.464,-0.0625
0.469,-0.0078125
0.474,-0.046875
0.479,0.039062
0.484,-0.015625
0.489,0.070312
0.494,-0.10156
0.499,-0.10938
0.504,0.13281
0.509,-0.10938
0.514,0.046875
0.519,0.023438
0.524,0.11719
0.529,-0.10156
0.534,0
0.539,-0.09375
0.544,-0.039062
0.549,0.10938
0.554,-0.09375
0.559,-0.35938
0.564,0.15625
0.569,0.27344
0.574,0.20312
0.579,0.20312
0.584,-0.33594
0.589,-0.28906
0.594,-0.17969
0.599,0.054688
0.604,0.6875
0.609,-0.28906
0.614,-0.39844
0.619,-0.19531
0.624,0.25781
0.629,0.34375
0.634,-0.25
0.639,-0.070312
0.644,0.09375
0.649,-0.28125
0.654,0.015625
0.659,0.19531
0.664,-0.23438
0.669,-0.35938
0.674,0.35156
0.679,-0.09375
0.684,-0.16406
0.689,-0.32812
0.694,-0.03125
0.699,0.64844
0.704,-0.35938
0.709,0.26562
0.714,0.38281
0.719,-0.17969
0.724,-0.8125
0.729,0.92969
0.734,-0.20312
0.739,-0.03125
0.744,-0.20312
0.749,-0.015625
0.754,-0.28906
0.759,0.15625
0.764,-0.14844
0.769,0.13281
0.774,0.59375
0.779,-0.25781
0.784,0.38281
0.789,-0.046875
0.794,-0.15625
0.799,-0.125
0.804,-0.41406
0.809,0.42188
0.814,-0.070312
0.819,-0.75
0.824,0.99219
0.829,-0.77344
0.834,0.26562
0.839,-0.11719
0.844,-0.29688
0.849,0.14062
0.854,-0.60156
0.859,0.32031
0.864,-0.078125
0.869,0.14844
0.874,-0.015625
0.879,-0.15625
0.884,-0.054688
0.889,-0.023438
0.894,-0.10156
0.899,0.09375
0.904,0.0625
0.909,0.03125
0.914,-0.0625
0.919,0.10938
0.924,0.085938
0.929,-0.22656
0.934,0.070312
0.939,0.15625
0.944,-0.13281
0.949,-0.085938
0.954,-0.023438
0.959,0.10938
0.964,0.0078125
0.969,-0.078125
0.974,0.023438
0.979,-0.015625
0.984,-0.0078125
0.989,-0.14062
0.994,0.13281
0.999,0.054688
1.004,-0.015625
1.009,-0.015625
1.014,-0.09375
1.019,0.015625
1.024,0.015625
1.029,-0.078125
1.034,0.023438
1.039,0.046875
1.044,-0.070312
1.049,0.0078125
1.054,0.03125
1.059,0
1.064,-0.125
1.069,0.0625
1.074,0.070312
1.079,-0.039062
1.084,0
1.089,-0.0078125
1.094,0.023438
1.099,-0.054688
1.104,0.046875
1.109,-0.023438
1.114,-0.046875
1.119,-0.015625
1.124,0
1.129,-0.023438
1.134,0
1.139,-0.0078125
1.144,-0.039062
1.149,0.023438
1.154,0.0078125
1.159,0.0625
1.164,-0.054688
1.169,-0.085938
1.174,0.125
1.179,0.023438
1.184,0
1.189,-0.03125
1.194,-0.13281
1.199,0.015625
1.204,0.046875
1.209,-0.015625
1.214,-0.023438
1.219,0
1.224,-0.039062
1.229,0.023438
1.234,-0.046875
1.239,0.0078125
1.244,0.0078125
1.249,0.039062
1.254,0.0078125
1.259,0.0078125
1.264,0
1.269,0
1.274,-0.09375
1.279,0
1.284,0.0078125
1.289,0.0078125
1.294,0.11719
1.299,-0.054688
1.304,-0.0078125
1.309,-0.03125
1.314,-0.039062
1.319,-0.0078125
1.324,-0.039062
1.329,0.0078125
1.334,-0.0078125
1.339,-0.03125
1.344,-0.015625
1.349,-0.0078125
1.354,0.015625
1.359,0.015625
1.364,0.039062
1.369,-0.046875
1.374,-0.03125
1.379,-0.039062
1.384,-0.13281
1.389,0.046875
1.394,0.046875
1.399,0.015625
1.404,-0.046875
1.409,-0.078125
1.414,-0.13281
1.419,0.17969
1.424,0.10938
1.429,-0.015625
1.434,-0.039062
1.439,-0.085938
1.444,0.0078125
1.449,-0.0078125
1.454,0.039062
1.459,-0.085938
1.464,0.03125
1.469,-0.015625
1.474,-0.0078125
1.479,-0.046875
1.484,0.0078125
1.489,0.023438
1.494,0.0078125
1.499,0.03125
1.504,-0.046875
1.509,-0.015625
1.514,0.0078125
1.519,0
1.524,0.0078125
1.529,0.023438
1.534,-0.015625
1.539,-0.046875
1.544,-0.0078125
1.549,0.0078125
1.554,-0.023438
1.559,-0.03125
1.564,-0.039062
1.569,0.070312
1.574,-0.023438
1.579,0.046875
1.584,0
1.589,-0.039062
1.594,-0.023438
1.599,-0.023438
1.604,-0.03125
1.609,0
1.614,0.0078125
1.619,-0.015625
1.624,0.015625
1.629,-0.03125
1.634,-0.03125
1.639,-0.039062
1.644,-0.0078125
1.649,0.023438
1.654,-0.0078125
1.659,-0.023438
1.664,-0.0078125
1.669,-0.0078125
1.674,0
1.679,-0.023438
1.684,0.03125
1.689,-0.015625
1.694,0.0078125
1.699,0
1.704,-0.023438
1.709,-0.023438
1.714,-0.015625
1.719,-0.046875
1.724,0.0078125
1.729,-0.023438
1.734,0
1.739,0
1.744,0.0078125
1.749,-0.015625
1.754,-0.015625
1.759,0.0078125
1.764,0
1.769,-0.015625
1.774,-0.015625
1.779,0.0625
1.784,-0.023438
1.789,0.0078125
1.794,-0.015625
1.799,-0.046875
1.804,0.0078125
1.809,0.0078125
1.814,0.015625
1.819,-0.03125
1.824,0
1.829,-0.023438
1.834,-0.039062
1.839,-0.0078125
1.844,0.015625
1.849,0.0078125
1.854,-0.015625
1.859,0.039062
1.864,-0.039062
1.869,-0.0078125
1.874,-0.015625
1.879,0.039062
1.884,-0.023438
1.889,-0.03125
1.894,0.03125
1.899,-0.039062
1.904,0.03125
1.909,-0.023438
1.914,0.015625
1.919,-0.039062
1.924,-0.046875
1.929,-0.023438
1.934,0.078125
1.939,-0.046875
1.944,0.039062
1.949,-0.10156
1.954,0.0625
1.959,-0.046875
1.964,0.023438
1.969,-0.03125
1.974,-0.078125
1.979,0.15625
1.984,-0.15625
1.989,0.046875
1.994,0.023438
1.999,-0.085938
2.004,0.023438
2.009,-0.015625
2.014,-0.046875
2.019,-0.039062
2.024,-0.0078125
2.029,0.0078125
2.034,0.023438
2.039,-0.039062
2.044,-0.03125
2.049,0.054688
2.054,0.015625
2.059,0.046875
2.064,0.023438
2.069,0.03125
2.074,-0.046875
2.079,-0.046875
2.084,0.039062
2.089,-0.0078125
2.094,-0.039062
2.099,0.039062
2.104,0.03125
2.109,0.015625
2.114,-0.054688
2.119,0.03125
2.124,0.03125
2.129,-0.023438
2.134,0.0078125
2.139,-0.046875
2.144,-0.0625
2.149,0.046875
2.154,-0.03125
2.159,-0.0078125
2.164,-0.046875
2.169,-0.023438
2.174,0.015625
2.179,-0.0625
2.184,-0.0078125
2.189,0
2.194,0.054688
2.199,-0.0078125
2.204,-0.0078125
2.209,-0.023438
2.214,-0.023438
2.219,-0.015625
2.224,-0.015625
2.229,0.0078125
2.234,-0.015625
2.239,-0.015625
2.244,-0.015625
2.249,-0.039062
2.254,-0.046875
2.259,0.03125
2.264,0.039062
2.269,0
2.274,-0.015625
2.279,-0.023438
2.284,-0.015625
2.289,-0.015625
2.294,0
2.299,-0.023438
2.304,-0.015625
2.309,0.0078125
2.314,-0.0078125
2.319,-0.046875
2.324,0.023438
2.329,0.03125
2.334,0.039062
2.339,0.015625
2.344,-0.054688
2.349,-0.039062
2.354,-0.015625
2.359,-0.0078125
2.364,0.023438
2.369,-0.0078125
2.374,-0.015625
2.379,0
2.384,0.0078125
2.389,-0.015625
2.394,-0.023438
2.399,0
2.404,-0.03125
2.409,0
2.414,0.046875
2.419,-0.0078125
2.424,0
2.429,-0.054688
2.434,-0.03125
2.439,0.0078125
2.444,-0.054688
2.449,0.0078125
2.454,0.015625
2.459,-0.0078125
2.464,-0.0625
2.469,-0.023438
2.474,-0.03125
2.479,0.015625
2.484,0.046875
2.489,-0.03125
2.494,-0.015625
2.499,-0.03125
2.504,0
2.509,0
2.514,-0.023438
2.519,0
2.524,0.0078125
2.529,-0.015625
2.534,-0.015625
2.539,-0.0078125
2.544,-0.0078125
2.549,-0.0078125
2.554,-0.0078125
2.559,0.023438
2.564,0
2.569,-0.023438
2.574,-0.015625
2.579,-0.039062
2.584,0.015625
2.589,0
2.594,-0.015625
2.599,-0.015625
2.604,0
2.609,0
2.614,0.0078125
2.619,-0.023438
2.624,-0.03125
2.629,-0.0078125
2.634,-0.039062
2.639,0.046875
2.644,0.0078125
2.649,-0.03125
2.654,0.0078125
2.659,-0.0078125
2.664,-0.039062
2.669,-0.023438
2.674,-0.015625
2.679,0.070312
2.684,-0.0625
2.689,0.070312
2.694,0.039062
2.699,-0.054688
2.704,0
2.709,-0.023438
2.714,-0.0078125
2.719,0.0078125
2.724,-0.023438
2.729,0
2.734,-0.0078125
2.739,0
2.744,-0.015625
2.749,-0.0078125
2.754,-0.0078125
2.759,-0.0625
2.764,0.023438
2.769,0.0078125
2.774,-0.0078125
2.779,-0.046875
2.784,0.03125
2.789,-0.023438
2.794,0
2.799,-0.0078125
2.804,-0.054688
2.809,-0.039062
2.814,-0.0078125
2.819,-0.015625
2.824,0.023438
2.829,0.015625
2.834,-0.015625
2.839,-0.023438
2.844,0
2.849,-0.015625
2.854,-0.03125
2.859,0
2.864,0.015625
2.869,-0.039062
2.874,0.03125
2.879,0.015625
2.884,-0.0078125
2.889,-0.039062
2.894,-0.054688
2.899,0.0078125
2.904,0.015625
2.909,0.023438
2.914,-0.023438
2.919,-0.03125
2.924,0
2.929,0.046875
2.934,0.015625
2.939,0
2.944,-0.023438
2.949,-0.039062
2.954,-0.039062
2.959,0.03125
2.964,0.03125
2.969,0.015625
2.974,-0.023438
2.979,-0.039062
2.984,-0.023438
2.989,-0.03125
2.994,0.023438
2.999,-0.0078125
3.004,0.039062
3.009,-0.046875
3.014,0.0078125
3.019,-0.0078125
3.024,0
3.029,0.0078125
3.034,-0.0625
3.039,-0.054688
3.044,0.0078125
3.049,0.03125
3.054,0.0078125
3.059,-0.0078125
3.064,-0.070312
3.069,0
3.074,0.03125
3.079,-0.03125
3.084,0.054688
3.089,-0.039062
3.094,-0.023438
3.099,-0.023438
3.104,0.046875
3.109,0.0078125
3.114,-0.0078125
3.119,0.015625
3.124,-0.046875
3.129,-0.039062
3.134,0.0078125
3.139,0.046875
3.144,-0.0078125
3.149,0.046875
3.154,-0.015625
3.159,-0.03125
3.164,-0.03125
3.169,-0.023438
3.174,0.03125
3.179,-0.03125
3.184,-0.03125
3.189,0.015625
3.194,-0.0078125
3.199,0.023438
3.204,-0.039062
3.209,-0.054688
3.214,-0.023438
3.219,0.03125
3.224,0
3.229,0.015625
3.234,-0.03125
3.239,-0.023438
3.244,-0.015625
3.249,-0.015625
3.254,0
3.259,-0.0078125
3.264,0.015625
3.269,-0.039062
3.274,0.015625
3.279,-0.023438
3.284,-0.015625
3.289,-0.039062
3.294,0.0078125
3.299,0.046875
3.304,0.023438
3.309,-0.0078125
3.314,-0.015625
3.319,-0.03125
3.324,-0.046875
3.329,0.015625
3.334,-0.015625
3.339,0
3.344,-0.03125
3.349,-0.03125
3.354,0.023438
3.359,0.054688
3.364,-0.039062
3.369,0.023438
3.374,-0.023438
3.379,-0.015625
3.384,-0.015625
3.389,-0.0078125
3.394,-0.023438
3.399,-0.0078125
3.404,-0.0078125
3.409,-0.015625
3.414,-0.0078125
3.419,-0.03125
3.424,0.0078125
3.429,0.023438
3.434,0
3.439,-0.046875
3.444,0.0078125
3.449,0.0078125
3.454,-0.03125
3.459,-0.039062
3.464,-0.023438
3.469,0.046875
3.474,-0.0078125
3.479,0
3.484,-0.023438
3.489,-0.078125
3.494,0.054688
3.499,0.046875
3.504,0.023438
3.509,-0.015625
3.514,-0.054688
3.519,-0.023438
3.524,-0.0078125
3.529,-0.0078125
3.534,0.070312
3.539,-0.125
3.544,0.046875
3.549,0.054688
3.554,-0.039062
3.559,0.070312
3.564,-0.0625
3.569,-0.078125
3.574,-0.046875
3.579,0
3.584,0.0078125
3.589,-0.0078125
3.594,-0.03125
3.599,0.0625
3.604,0.054688
3.609,0
3.614,-0.03125
3.619,-0.1875
3.624,0.078125
3.629,-0.15625
3.634,-0.125
3.639,0.125
3.644,0.13281
3.649,-0.14844
3.654,0.22656
3.659,0.21875
3.664,-0.25781
3.669,0.63281
3.674,-0.070312
3.679,0.35938
3.684,-0.53125
3.689,-0.19531
3.694,0.21094
3.699,-0.14844
3.704,-0.51562
3.709,-0.25781
3.714,0.09375
3.719,-0.47656
3.724,0.99219
3.729,-0.20312
3.734,0.13281
3.739,0.23438
3.744,-0.375
3.749,0.039062
3.754,0.21094
3.759,0.046875
3.764,0.023438
3.769,-0.17188
3.774,-0.14844
3.779,-0.32812
3.784,0
3.789,0.21875
3.794,-0.046875
3.799,0.039062
3.804,-0.1875
3.809,0.039062
3.814,-0.16406
3.819,0.125
3.824,0.085938
3.829,-0.17188
3.834,0.0625
3.839,-0.078125
3.844,0.10156
3.849,0.09375
3.854,-0.078125
3.859,-0.039062
3.864,-0.0078125
3.869,0.085938
3.874,-0.22656
3.879,0.0625
3.884,0.17969
3.889,-0.0078125
3.894,-0.078125
3.899,-0.1875
3.904,0.0625
3.909,0.28906
3.914,-0.0078125
3.919,-0.0078125
3.924,-0.25
3.929,-0.054688
3.934,0.125
3.939,-0.046875
3.944,-0.0078125
3.949,0.10938
3.954,0.039062
3.959,-0.039062
3.964,0.023438
3.969,-0.20312
3.974,-0.070312
3.979,-0.03125
3.984,0.070312
3.989,0.054688
3.994,-0.22656
3.999,-0.03125
4.004,0.29688
4.009,0
4.014,0.14844
4.019,-0.10938
4.024,-0.42969
4.029,0.14844
4.034,-0.078125
4.039,-0.17188
4.044,0.54688
4.049,0.1875
4.054,-0.078125
4.059,-0.48438
4.064,0.32812
4.069,-0.84375
4.074,0.39062
4.079,0.51562
4.084,-0.28906
4.089,0.71875
4.094,-0.21094
4.099,-0.070312
4.104,-0.1875
4.109,-0.80469
4.114,-0.046875
4.119,0.39844
4.124,0.11719
4.129,-0.070312
4.134,-0.32812
4.139,0.039062
4.144,-0.015625
4.149,0.039062
4.154,0.10938
4.159,0.03125
4.164,-0.35938
4.169,-0.085938
4.174,0.57812
4.179,-0.10156
4.184,0.023438
4.189,-0.0625
4.194,-0.125
4.199,-0.74219
4.204,0.46875
4.209,0.26562
4.214,-0.1875
4.219,0
4.224,-0.42188
4.229,0.0625
4.234,0.19531
4.239,0.03125
4.244,-0.27344
4.249,-0.070312
4.254,0.36719
4.259,0
4.264,-0.32812
4.269,0.27344
4.274,-0.125
4.279,0.11719
4.284,0.30469
4.289,-0.72656
4.294,0.36719
4.299,0.30469
4.304,-0.57812
4.309,0.17969
4.314,0.023438
4.319,-0.58594
4.324,0.28125
4.329,0.25
4.334,-0.32812
4.339,0.71875
4.344,-0.51562
4.349,0.44531
4.354,-0.57812
4.359,-0.60156
4.364,0.99219
4.369,0.070312
4.374,-0.5
4.379,-0.71875
4.384,0.49219
4.389,0.24219
4.394,0.46094
4.399,-0.40625
4.404,0.34375
4.409,-0.8125
4.414,-0.015625
4.419,0.99219
4.424,-0.64844
4.429,0.50781
4.434,-0.16406
4.439,-0.25
4.444,-0.51562
4.449,-0.64844
4.454,0.41406
4.459,-0.13281
4.464,0.5625
4.469,-0.41406
4.474,0.09375
4.479,0.49219
4.484,-0.57812
4.489,0.046875
4.494,-0.085938
4.499,-0.25781
4.504,-0.33594
4.509,0.085938
4.514,-0.86719
4.519,0.82031
4.524,0.45312
4.529,0.070312
4.534,-0.72656
4.539,0.58594
4.544,-0.46094
4.549,-0.03125
4.554,-0.0078125
4.559,-0.98438
4.564,0.99219
4.569,0.4375
4.574,-0.60938
4.579,-0.375
4.584,0.41406
4.589,-0.40625
4.594,-0.085938
4.599,-0.070312
4.604,-0.11719
4.609,0.53906
4.614,0.023438
4.619,0.070312
4.624,-0.25781
4.629,-0.14062
4.634,0
4.639,0.29688
4.644,-0.24219
4.649,-0.36719
4.654,0.28125
4.659,-0.23438
4.664,-0.0078125
4.669,0.32031
4.674,-0.35938
4.679,0.69531
4.684,-0.23438
4.689,-0.27344
4.694,0.42188
4.699,-0.10938
4.704,-0.29688
4.709,0.09375
4.714,0.42188
4.719,-0.32812
4.724,-0.085938
4.729,-0.046875
4.734,0.15625
4.739,-0.39062
4.744,0.039062
4.749,0.27344
4.754,-0.046875
4.759,0.070312
4.764,-0.30469
4.769,-0.078125
4.774,0.10156
4.779,-0.085938
4.784,0.09375
4.789,-0.078125
4.794,0.046875
4.799,0.015625
4.804,-0.046875
4.809,-0.10156
4.814,0.11719
4.819,0
4.824,0.015625
4.829,-0.039062
4.834,-0.023438
4.839,-0.0078125
4.844,-0.125
4.849,0.22656
4.854,0.015625
4.859,0.078125
4.864,-0.078125
4.869,-0.14844
4.874,0.0078125
4.879,0.0078125
4.884,0.054688
4.889,-0.078125
4.894,0.03125
4.899,-0.046875
4.904,0.0078125
4.909,0.0078125
4.914,-0.078125
4.919,0.0078125
4.924,0.039062
4.929,-0.0625
4.934,-0.0078125
4.939,0.0078125
4.944,0.039062
4.949,-0.14844
4.954,0.11719
4.959,-0.10156
4.964,0.10156
4.969,-0.070312
4.974,0.054688
4.979,0.078125
4.984,0.023438
4.989,-0.0625
4.994,-0.0625
4.999,-0.015625
5.004,0.023438
5.009,0.0078125
5.014,-0.03125
5.019,0.046875
5.024,-0.039062
5.029,-0.015625
5.034,-0.046875
5.039,0.03125
5.044,-0.015625
5.049,0
5.054,0
5.059,-0.0078125
5.064,-0.070312
5.069,0.03125
5.074,0.015625
5.079,-0.046875
5.084,-0.0625
5.089,0.09375
5.094,-0.039062
5.099,-0.015625
5.104,0.054688
5.109,0
5.114,0.023438
5.119,-0.023438
5.124,-0.03125
5.129,0
5.134,-0.070312
5.139,0.03125
5.144,-0.0078125
5.149,-0.023438
5.154,-0.023438
5.159,-0.054688
5.164,-0.070312
5.169,-0.0078125
5.174,0.03125
5.179,0.10156
5.184,-0.0078125
5.189,-0.023438
5.194,-0.046875
5.199,-0.16406
5.204,0.125
5.209,-0.03125
5.214,0.039062
5.219,-0.0625
5.224,0.015625
5.229,0.25781
5.234,-0.1875
5.239,0.19531
5.244,0
5.249,-0.046875
5.254,-0.14062
5.259,-0.375
5.264,0.3125
5.269,0.10156
5.274,0.16406
5.279,-0.13281
5.284,-0.23438
5.289,-0.14844
5.294,0.078125
5.299,0.17969
5.304,0.0078125
5.309,-0.16406
5.314,-0.078125
5.319,0.13281
5.324,-0.046875
5.329,-0.10156
5.334,-0.039062
5.339,0
5.344,0.023438
5.349,-0.03125
5.354,0.0625
5.359,0.078125
5.364,-0.17188
5.369,0
5.374,0.09375
5.379,0.070312
5.384,-0.078125
5.389,0.0078125
5.394,-0.039062
5.399,0
5.404,0.046875
5.409,-0.023438
5.414,0.023438
5.419,0.0078125
5.424,-0.054688
5.429,-0.023438
5.434,0.054688
5.439,0.03125
5.444,0.023438
5.449,-0.03125
5.454,-0.0625
5.459,-0.054688
5.464,-0.0078125
5.469,0.039062
5.474,0.03125
5.479,-0.03125
5.484,0.015625
5.489,0.0078125
5.494,-0.046875
5.499,0.0078125
5.504,-0.078125
5.509,0.078125
5.514,-0.023438
5.519,-0.0078125
5.524,-0.023438
5.529,-0.046875
5.534,-0.03125
5.539,0.0078125
5.544,0.0078125
5.549,-0.023438
5.554,-0.03125
5.559,-0.015625
5.564,0.0078125
5.569,0.0078125
5.574,-0.015625
5.579,-0.14062
5.584,0.10156
5.589,0.09375
5.594,-0.015625
5.599,0.0078125
5.604,-0.046875
5.609,-0.03125
5.614,0.015625
5.619,-0.023438
5.624,-0.015625
5.629,0
5.634,-0.03125
5.639,0.0078125
5.644,-0.0078125
5.649,-0.023438
5.654,-0.070312
5.659,0.023438
5.664,0.085938
5.669,-0.070312
5.674,0.054688
5.679,-0.046875
5.684,0.0625
5.689,-0.039062
5.694,0.015625
5.699,-0.03125
5.704,-0.078125
5.709,-0.0078125
5.714,0.0078125
5.719,-0.03125
5.724,-0.17188
5.729,0.22656
5.734,-0.0078125
5.739,0.17188
5.744,-0.023438
5.749,-0.10938
5.754,-0.09375
5.759,-0.10156
5.764,-0.0078125
5.769,0.070312
5.774,0.054688
5.779,-0.085938
5.784,0.023438
5.789,-0.085938
5.794,0.015625
5.799,-0.0078125
5.804,-0.21094
5.809,-0.1875
5.814,0.60156
5.819,0.054688
5.824,0.023438
5.829,-0.046875
5.834,-0.23438
5.839,-0.078125
5.844,0.125
5.849,-0.015625
5.854,-0.03125
5.859,-0.0625
5.864,-0.47656
5.869,0.17969
5.874,0.46094
5.879,0
5.884,0.03125
5.889,-0.11719
5.894,-0.1875
5.899,0
5.904,-0.039062
5.909,0
5.914,-0.16406
5.919,0.1875
5.924,0.11719
5.929,-0.078125
5.934,-0.90625
5.939,0.65625
5.944,0.22656
5.949,0.039062
5.954,0.046875
5.959,-0.32812
5.964,0.015625
5.969,0.14062
5.974,-0.03125
5.979,-0.15625
5.984,0.03125
5.989,-0.085938
5.994,0.11719
5.999,0.085938
6.004,0.039062
6.009,0.023438
6.014,0.039062
6.019,0.015625
6.024,-0.21875
6.029,-0.20312
6.034,0.21875
6.039,-0.054688
6.044,0.21875
6.049,0.10938
6.054,-0.10938
6.059,-0.73438
6.064,0.77344
6.069,0.0625
6.074,-0.023438
6.079,-0.070312
6.084,-0.24219
6.089,0.078125
6.094,-0.09375
6.099,-0.085938
6.104,0.17188
6.109,0.070312
6.114,-0.0078125
6.119,0.15625
6.124,-0.17188
6.129,-0.13281
6.134,-0.085938
6.139,0.29688
6.144,-0.13281
6.149,0.015625
6.154,0
6.159,-0.023438
6.164,-0.125
6.169,-0.10938
6.174,0
6.179,0.16406
6.184,-0.32031
6.189,0.24219
6.194,0.14062
6.199,-0.039062
6.204,-0.023438
6.209,-0.16406
6.214,-0.015625
6.219,0.054688
6.224,-0.0625
6.229,-0.046875
6.234,-0.10156
6.239,-0.14062
6.244,0.20312
6.249,0.046875
6.254,-0.0078125
6.259,-0.0078125
6.264,-0.070312
6.269,-0.023438
6.274,-0.039062
6.279,-0.16406
6.284,0.17969
6.289,-0.039062
6.294,0.039062
6.299,0.09375
6.304,-0.054688
6.309,-0.1875
6.314,-0.13281
6.319,0.25781
6.324,0.13281
6.329,0.039062
6.334,0.085938
6.339,-0.078125
6.344,-0.24219
6.349,0.0625
6.354,0.078125
6.359,-0.1875
6.364,0.16406
6.369,-0.0625
6.374,-0.023438
6.379,0.039062
6.384,-0.33594
6.389,0.22656
6.394,0.015625
6.399,0.054688
6.404,0.015625
6.409,-0.10156
6.414,-0.32812
6.419,0.17188
6.424,-0.20312
6.429,0.375
6.434,0.054688
6.439,-0.15625
6.444,-0.36719
6.449,-0.015625
6.454,0.35156
6.459,-0.0078125
6.464,0.09375
6.469,-0.17188
6.474,-0.69531
6.479,0.49219
6.484,-0.21094
6.489,-0.023438
6.494,0.30469
6.499,-0.34375
6.504,-0.03125
6.509,0.046875
6.514,0.23438
6.519,-0.23438
6.524,0.14062
6.529,-0.59375
6.534,0.125
6.539,0.20312
6.544,0.14062
6.549,-0.25781
6.554,0.41406
6.559,-0.10156
6.564,-0.53125
6.569,0.67188
6.574,0.03125
6.579,-0.66406
6.584,0.51562
6.589,-0.21094
6.594,-0.03125
6.599,0.17969
6.604,-0.20312
6.609,-0.33594
6.614,0.67969
6.619,-0.0078125
6.624,0.26562
6.629,-0.17188
6.634,-0.17969
6.639,0.22656
6.644,0.078125
6.649,-0.29688
6.654,-0.46094
6.659,0.49219
6.664,0.10938
6.669,0.17188
6.674,-0.26562
6.679,-0.125
6.684,-0.046875
6.689,0.23438
6.694,-0.125
6.699,-0.26562
6.704,0.23438
6.709,0.0078125
6.714,0.039062
6.719,-0.5
6.724,-0.023438
6.729,0.19531
6.734,0.42188
6.739,0.078125
6.744,-0.28906
6.749,-0.3125
6.754,-0.085938
6.759,0.19531
6.764,0.085938
6.769,0.0078125
6.774,-0.76562
6.779,0.76562
6.784,-0.054688
6.789,0.15625
6.794,-0.023438
6.799,-0.22656
6.804,-0.125
6.809,0.015625
6.814,-0.046875
6.819,0.125
6.824,0.53906
6.829,-0.085938
6.834,-0.59375
6.839,0.5
6.844,-0.10938
6.849,0.20312
6.854,0.14062
6.859,-0.66406
6.864,-0.44531
6.869,0.30469
6.874,-0.53906
6.879,0.78125
6.884,0.039062
6.889,0.35156
6.894,0.41406
6.899,-1
6.904,0.99219
6.909,-0.82812
6.914,-0.39062
6.919,-0.89062
6.924,0.20312
6.929,-0.41406
6.934,0.99219
6.939,-0.71094
6.944,0.46094
6.949,-0.69531
6.954,-0.42969
6.959,-0.61719
6.964,0.14844
6.969,-0.63281
6.974,0.6875
6.979,-0.17188
6.984,-1
6.989,0.41406
6.994,-0.85156
6.999,0.99219
7.004,-0.078125
7.009,-0.375
7.014,-0.6875
7.019,0.95312
7.024,-0.10156
7.029,0.52344
7.034,0.36719
7.039,-0.96094
7.044,0.03125
7.049,0.625
7.054,-0.015625
7.059,0.19531
7.064,-0.6875
7.069,0.054688
7.074,-0.0625
7.079,0.13281
7.084,-0.16406
7.089,-0.023438
7.094,0.11719
7.099,0.125
7.104,-0.10938
7.109,0.09375
7.114,-0.13281
7.119,0.10156
7.124,-0.0078125
7.129,-0.16406
7.134,0.0625
7.139,0.0625
7.144,-0.125
7.149,0.085938
7.154,0.17188
7.159,-0.125
7.164,-0.15625
7.169,0.023438
7.174,0.039062
7.179,0.09375
7.184,0.070312
7.189,-0.054688
7.194,-0.0625
7.199,0.0078125
7.204,-0.015625
7.209,-0.015625
7.214,-0.078125
7.219,0.09375
7.224,0.015625
7.229,-0.16406
7.234,0.21875
7.239,-0.15625
7.244,-0.22656
7.249,0.39062
7.254,-0.21094
7.259,0.46875
7.264,-0.070312
7.269,-0.10156
7.274,0.046875
7.279,-0.15625
7.284,0.023438
7.289,0.03125
7.294,0.0078125
7.299,-0.14062
7.304,-0.0078125
7.309,0
7.314,-0.039062
7.319,0.03125
7.324,0.039062
7.329,-0.046875
7.334,-0.039062
7.339,0.039062
7.344,0.039062
7.349,-0.054688
7.354,0
7.359,-0.054688
7.364,0.015625
7.369,-0.046875
7.374,-0.039062
7.379,-0.046875
7.384,0.0625
7.389,0.13281
7.394,0
7.399,-0.039062
7.404,-0.0625
7.409,-0.14062
7.414,-0.28125
7.419,-0.16406
7.424,0.11719
7.429,0.070312
7.434,0.28906
7.439,-0.64844
7.444,0.47656
7.449,0.70312
7.454,-0.60938
7.459,-0.046875
7.464,-0.13281
7.469,-0.41406
7.474,0.85938
7.479,-0.85156
7.484,0.20312
7.489,0.47656
7.494,-0.71875
7.499,-0.14844
7.504,0.40625
7.509,-0.99219
7.514,0.55469
7.519,-0.3125
7.524,-0.28125
7.529,-0.69531
7.534,0.66406
7.539,0.046875
7.544,0.79688
7.549,-0.28906
7.554,-0.82812
7.559,0.54688
7.564,-0.60156
7.569,0.28906
7.574,0.023438
7.579,0.35938
7.584,-0.47656
7.589,0.32031
7.594,0.10156
7.599,0.32812
7.604,-0.46875
7.609,-0.10938
7.614,0.5625
7.619,0.085938
7.624,-0.023438
7.629,0.09375
7.634,-0.4375
7.639,0.3125
7.644,0.21094
7.649,-0.53125
7.654,-0.085938
7.659,-0.125
7.664,0.20312
7.669,0.3125
7.674,-0.46094
7.679,-0.28906
7.684,0.10156
7.689,0.15625
7.694,-0.20312
7.699,0.39844
7.704,-0.49219
7.709,0.21094
7.714,-0.054688
7.719,0.21875
7.724,-0.10156
7.729,0.015625
7.734,-0.09375
7.739,0.41406
7.744,-0.32812
7.749,0.046875
7.754,0.14844
7.759,0.046875
7.764,-0.0625
7.769,0.085938
7.774,0.0078125
7.779,-0.10156
7.784,0.0078125
7.789,-0.09375
7.794,0.09375
7.799,-0.11719
7.804,-0.03125
7.809,0
7.814,0.078125
7.819,-0.11719
7.824,0.039062
7.829,0.023438
7.834,-0.0078125
7.839,-0.09375
7.844,0.078125
7.849,-0.015625
7.854,-0.023438
7.859,-0.0625
7.864,0.046875
7.869,-0.078125
7.874,-0.11719
7.879,0.11719
7.884,0.15625
7.889,-0.015625
7.894,0.078125
7.899,-0.24219
7.904,-0.16406
7.909,0.10938
7.914,0.070312
7.919,0.0625
7.924,-0.25
7.929,-0.20312
7.934,0.42969
7.939,-0.046875
7.944,-0.19531
7.949,-0.17969
7.954,-0.53125
7.959,0.15625
7.964,0.16406
7.969,-0.023438
7.974,0.1875
7.979,-0.71875
7.984,0.89844
7.989,-0.75
7.994,-0.32812
7.999,0.74219
8.004,-1
8.009,0.9375
8.014,-0.11719
8.019,-0.32812
8.024,0.71875
8.029,-0.15625
8.034,-0.42969
8.039,-0.054688
8.044,-0.64844
8.049,0.78906
8.054,0.24219
8.059,0.09375
8.064,-0.53906
8.069,-0.66406
8.074,0.54688
8.079,-0.054688
8.084,0.19531
8.089,-0.19531
8.094,-0.19531
8.099,-0.25781
8.104,-0.33594
8.109,0.21875
8.114,0.77344
8.119,0.078125
8.124,0.0625
8.129,-0.36719
8.134,-0.32812
8.139,-0.13281
8.144,0.26562
8.149,0.03125
8.154,0.023438
8.159,-0.15625
8.164,0.19531
8.169,-0.25
8.174,0.039062
8.179,0.65625
8.184,0.0625
8.189,0.09375
8.194,-0.44531
8.199,-0.25
8.204,0.10156
8.209,0.28125
8.214,0.023438
8.219,0.10156
8.224,-0.046875
8.229,-0.30469
8.234,-0.070312
8.239,0.15625
8.244,-0.14062
8.249,0.09375
8.254,0.09375
8.259,-0.14844
8.264,0
8.269,-0.1875
8.274,0.14062
8.279,-0.21875
8.284,0.25
8.289,0.054688
8.294,-0.29688
8.299,-0.015625
8.304,0.09375
8.309,-0.046875
8.314,-0.070312
8.319,0.078125
8.324,-0.085938
8.329,-0.10156
8.334,0.13281
8.339,0.1875
8.344,-0.26562
8.349,-0.10156
8.354,-0.046875
8.359,-0.11719
8.364,0.054688
8.369,0.10938
8.374,0.17969
8.379,-0.20312
8.384,-0.10938
8.389,0.070312
8.394,0.10156
8.399,-0.0625
8.404,0.070312
8.409,0.023438
8.414,-0.078125
8.419,0.14844
8.424,-0.33594
8.429,0.28906
8.434,-0.15625
8.439,0.13281
8.444,-0.054688
8.449,-0.015625
8.454,-0.085938
8.459,-0.14062
8.464,0.21094
8.469,0.0078125
8.474,-0.09375
8.479,0.015625
8.484,-0.023438
8.489,0.03125
8.494,-0.046875
8.499,-0.039062
8.504,0.054688
8.509,-0.085938
8.514,0.1875
8.519,-0.078125
8.524,-0.070312
8.529,-0.039062
8.534,-0.15625
8.539,0.45312
8.544,0.070312
8.549,0.10938
8.554,-0.20312
8.559,-0.57812
8.564,-0.09375
8.569,0.60156
8.574,0.039062
8.579,-0.023438
8.584,-0.21094
8.589,-0.39062
8.594,-0.14062
8.599,0.57031
8.604,-0.17188
8.609,0.22656
8.614,-0.61719
8.619,0.60938
8.624,-0.625
8.629,0.6875
8.634,0.078125
8.639,-0.99219
8.644,0.99219
8.649,-1
8.654,0.51562
8.659,-0.67969
8.664,0.69531
8.669,-0.40625
8.674,0.085938
8.679,-0.03125
8.684,0.11719
8.689,0
8.694,-0.1875
8.699,-0.32031
8.704,0.19531
8.709,0.10938
8.714,-0.21875
8.719,0.4375
8.724,-0.50781
8.729,-0.039062
8.734,0.35938
8.739,-0.17188
8.744,-0.28125
8.749,0.10938
8.754,-0.1875
8.759,0.24219
8.764,-0.21875
8.769,-0.17188
8.774,0.3125
8.779,-0.1875
8.784,-0.25781
8.789,0.27344
8.794,0.03125
8.799,0.046875
8.804,0
8.809,0.023438
8.814,-0.09375
8.819,0.023438
8.824,0.0625
8.829,-0.039062
8.834,-0.046875
8.839,0.03125
8.844,-0.054688
8.849,-0.13281
8.854,-0.11719
8.859,0.085938
8.864,-0.0625
8.869,0.14062
8.874,-0.13281
8.879,-0.046875
8.884,0
8.889,-0.03125
8.894,-0.125
8.899,0.13281
8.904,-0.16406
8.909,0.26562
8.914,0.0078125
8.919,-0.03125
8.924,-0.0625
8.929,-0.070312
8.934,0.10938
8.939,-0.10156
8.944,0.10938
8.949,-0.0625
8.954,0.023438
8.959,-0.046875
8.964,0.0625
8.969,-0.015625
8.974,-0.13281
8.979,0.10156
8.984,0.015625
8.989,-0.070312
8.994,0.070312
8.999,0.070312
9.004,-0.03125
9.009,-0.16406
9.014,0.0078125
9.019,0.26562
9.024,0
9.029,-0.039062
9.034,-0.39844
9.039,-0.21875
9.044,0.60156
9.049,0.11719
9.054,0.085938
9.059,-0.3125
9.064,-0.25
9.069,0.11719
9.074,0.36719
9.079,-0.046875
9.084,0.039062
9.089,-0.39062
9.094,-0.10156
9.099,0.14062
9.104,0.046875
9.109,0.17969
9.114,-0.17188
9.119,-0.09375
9.124,-0.10938
9.129,0.8125
9.134,-0.3125
9.139,-0.5625
9.144,-0.60156
9.149,0.52344
9.154,-0.40625
9.159,0.085938
9.164,-0.91406
9.169,-0.54688
9.174,0.03125
9.179,-0.64844
9.184,0.99219
9.189,-0.51562
9.194,0.53125
9.199,0.046875
9.204,0.039062
9.209,0.03125
9.214,-0.070312
9.219,0.16406
9.224,0.09375
9.229,-0.21875
9.234,0.039062
9.239,0.39844
9.244,-0.070312
9.249,-0.42969
9.254,0.25781
9.259,0.11719
9.264,-0.10938
9.269,-0.015625
9.274,-0.039062
9.279,0.039062
9.284,-0.0625
9.289,0.046875
9.294,-0.054688
9.299,-0.0625
9.304,0.11719
9.309,-0.0078125
9.314,-0.13281
9.319,0.29688
9.324,-0.09375
9.329,0.0078125
9.334,-0.10156
9.339,-0.046875
9.344,-0.070312
9.349,0.125
9.354,0.16406
9.359,0.10938
9.364,-0.078125
9.369,-0.14062
9.374,-0.015625
9.379,0.023438
9.384,0.0078125
9.389,-0.03125
9.394,0.03125
9.399,-0.023438
9.404,-0.054688
9.409,0.03125
9.414,0.0078125
9.419,-0.023438
9.424,-0.03125
9.429,0.023438
9.434,0.015625
9.439,-0.11719
9.444,0.03125
9.449,-0.039062
9.454,-0.11719
9.459,0.22656
9.464,-0.085938
9.469,-0.023438
9.474,0.054688
9.479,-0.070312
9.484,-0.054688
9.489,0.125
9.494,-0.1875
9.499,-0.10156
9.504,0.070312
9.509,0.039062
9.514,0.039062
9.519,0.24219
9.524,0
9.529,-0.09375
9.534,0.10938
9.539,-0.25
9.544,0.10156
9.549,-0.039062
9.554,-0.0625
9.559,0.0078125
9.564,-0.078125
9.569,-0.054688
9.574,0.054688
9.579,-0.0078125
9.584,0.054688
9.589,-0.10938
9.594,0.039062
9.599,0
9.604,-0.15625
9.609,0.16406
9.614,-0.070312
9.619,-0.17188
9.624,0.13281
9.629,0.0625
9.634,0.039062
9.639,-0.22656
9.644,0.24219
9.649,0.21875
9.654,-0.046875
9.659,-0.14062
9.664,-0.5625
9.669,0.54688
9.674,0.26562
9.679,-0.63281
9.684,0.85156
9.689,-0.5625
9.694,-0.53125
9.699,0.42188
9.704,0.023438
9.709,-0.125
9.714,-0.35156
9.719,-0.375
9.724,0.13281
9.729,0.875
9.734,0.20312
9.739,-0.17188
9.744,-0.39844
9.749,-0.39062
9.754,-0.19531
9.759,0.36719
9.764,-0.039062
9.769,-0.39062
9.774,0.14062
9.779,0.21875
9.784,-0.10156
9.789,-0.21094
9.794,0.16406
9.799,0.21875
9.804,-0.14844
9.809,0.0078125
9.814,0.0078125
9.819,-0.046875
9.824,-0.15625
9.829,-0.085938
9.834,0.14844
9.839,-0.054688
9.844,0.11719
9.849,-0.125
9.854,-0.046875
9.859,0.21875
9.864,-0.33594
9.869,-0.0625
9.874,0.054688
9.879,-0.085938
9.884,0.39062
9.889,-0.20312
9.894,0.0078125
9.899,-0.42188
9.904,0.21094
9.909,0.25
9.914,-0.29688
9.919,0.19531
9.924,0.13281
9.929,-0.15625
9.934,-0.0625
9.939,0.070312
9.944,-0.09375
9.949,0.03125
9.954,-0.023438
9.959,0.17188
9.964,-0.10156
9.969,0.078125
9.974,-0.17969
9.979,0.046875
9.984,-0.125
9.989,-0.14062
9.994,0.35156
9.999,0.085938
10.004,-0.15625
10.009,-0.1875
10.014,0.023438
10.019,0.09375
10.024,-0.10938
10.029,0.03125
10.034,0
10.039,-0.20312
10.044,-0.03125
10.049,0.15625
10.054,0.5
10.059,0.015625
10.064,-0.4375
10.069,-0.085938
10.074,-0.625
10.079,0.40625
10.084,0.49219
10.089,-0.73438
10.094,0.72656
10.099,-1
10.104,0.78906
10.109,0.070312
10.114,0.78906
10.119,-0.4375
10.124,0.046875
10.129,-0.3125
10.134,0.30469
10.139,0.070312
10.144,-0.33594
10.149,0.83594
10.154,-0.97656
10.159,-0.13281
10.164,-0.5625
10.169,-0.19531
10.174,0.09375
10.179,0.41406
10.184,-0.46094
10.189,0.46094
10.194,-0.21875
10.199,0
10.204,0.023438
10.209,0.078125
10.214,-0.21875
10.219,0.21094
10.224,0.078125
10.229,-0.039062
10.234,-0.1875
10.239,0.15625
10.244,0.0625
10.249,0.10156
10.254,-0.33594
10.259,0.47656
10.264,0.10156
10.269,-0.15625
10.274,0.09375
10.279,-0.14844
10.284,-0.21875
10.289,-0.10938
10.294,0.16406
10.299,0.09375
10.304,0.32812
10.309,-0.22656
10.314,-0.15625
10.319,-0.23438
10.324,0.046875
10.329,-0.32031
10.334,0.35938
10.339,0.13281
10.344,0.10156
10.349,-0.0078125
10.354,-0.1875
10.359,0.125
10.364,-0.20312
10.369,0.1875
10.374,-0.19531
10.379,-0.078125
10.384,0.039062
10.389,0.16406
10.394,-0.10938
10.399,0.023438
10.404,0.13281
10.409,-0.15625
10.414,-0.17188
10.419,0.20312
10.424,-0.03125
10.429,0.1875
10.434,0.0078125
10.439,-0.20312
10.444,0.03125
10.449,-0.0625
10.454,0.023438
10.459,-0.039062
10.464,0.070312
10.469,-0.15625
10.474,0.10156
10.479,-0.03125
10.484,-0.17188
10.489,0.039062
10.494,-0.0078125
10.499,-0.28125
10.504,0.14062
10.509,0.10938
10.514,0.046875
10.519,-0.03125
10.524,-0.26562
10.529,0.085938
10.534,0.13281
10.539,0.0625
10.544,-0.039062
10.549,-0.0625
10.554,-0.054688
10.559,0
10.564,-0.046875
10.569,0.039062
10.574,0.0625
10.579,0.0078125
10.584,0
10.589,-0.10938
10.594,0
10.599,0.054688
10.604,0.14844
10.609,-0.0625
10.614,0.054688
10.619,-0.054688
10.624,-0.078125
10.629,-0.09375
10.634,-0.19531
10.639,0.10938
10.644,0.046875
10.649,0.21094
10.654,-0.19531
10.659,-0.13281
10.664,0.32812
10.669,0.21875
10.674,-0.17188
10.679,-0.046875
10.684,0.20312
10.689,0.09375
10.694,-0.39844
10.699,-0.74219
10.704,0.30469
10.709,-0.4375
10.714,0.54688
10.719,0.054688
10.724,0.71094
10.729,-0.74219
10.734,0.90625
10.739,-0.14844
10.744,-0.64844
10.749,0.99219
10.754,-1
10.759,0.99219
10.764,-0.89062
10.769,-0.03125
10.774,-0.039062
10.779,-0.6875
10.784,0.13281
10.789,0.03125
10.794,0.23438
10.799,-0.36719
10.804,-0.69531
10.809,0.71875
10.814,0.085938
10.819,-0.039062
10.824,-0.20312
10.829,-0.28906
10.834,-0.085938
10.839,0.14844
10.844,0.13281
10.849,-0.26562
10.854,0.33594
10.859,0.039062
10.864,0.03125
10.869,-0.14062
10.874,-0.11719
10.879,0.25
10.884,-0.20312
10.889,-0.11719
10.894,-0.10156
10.899,0.21094
10.904,0.10156
10.909,-0.22656
10.914,0.046875
10.919,0.039062
10.924,0
10.929,-0.0078125
10.934,-0.11719
10.939,0.015625
10.944,0.10156
10.949,-0.03125
10.954,0.039062
10.959,-0.078125
10.964,0.039062
10.969,0.054688
10.974,0
10.979,-0.10156
10.984,0.10938
10.989,-0.1875
10.994,0.13281
10.999,-0.14062
11.004,0.14844
11.009,0.039062
11.014,-0.10938
11.019,-0.0078125
11.024,0.070312
11.029,-0.26562
11.034,0.039062
11.039,0.10938
11.044,-0.0078125
11.049,0.023438
11.054,-0.10938
11.059,0.0625
11.064,0.078125
11.069,-0.023438
11.074,0.015625
11.079,-0.0078125
11.084,-0.10156
11.089,0.09375
11.094,0.015625
11.099,0.046875
11.104,-0.0625
11.109,0.015625
11.114,0.046875
11.119,-0.054688
11.124,-0.039062
11.129,0.046875
11.134,0
11.139,-0.03125
11.144,-0.03125
11.149,0.054688
11.154,-0.015625
11.159,-0.13281
11.164,-0.0625
11.169,-0.125
11.174,0.15625
11.179,0.25781
11.184,-0.13281
11.189,-0.023438
11.194,-0.67969
11.199,0.71875
11.204,-0.40625
11.209,0.28125
11.214,0.57031
11.219,-1
11.224,0.54688
11.229,0.17188
11.234,-0.19531
11.239,0.96094
11.244,-0.98438
11.249,-0.22656
11.254,-0.92188
11.259,0.52344
11.264,0.375
11.269,-0.57031
11.274,-0.875
11.279,-0.11719
11.284,0.41406
11.289,0.25
11.294,0.25
11.299,-0.33594
11.304,-0.070312
11.309,-0.53125
11.314,0.98438
11.319,-0.20312
11.324,-0.09375
11.329,-0.25
11.334,0.03125
11.339,-0.17969
11.344,-0.023438
11.349,0.070312
11.354,0.30469
11.359,-0.25781
11.364,-0.21094
11.369,0.078125
11.374,0.20312
11.379,-0.32812
11.384,-0.054688
11.389,0.24219
11.394,0.085938
11.399,0.046875
11.404,0.32812
11.409,-0.13281
11.414,-0.28906
11.419,-0.023438
11.424,0.13281
11.429,0.25781
11.434,0.3125
11.439,-0.26562
11.444,-0.3125
11.449,0.11719
11.454,-0.28125
11.459,-0.085938
11.464,0.054688
11.469,0.054688
11.474,0.125
11.479,0.078125
11.484,-0.32812
11.489,0.17188
11.494,-0.10156
11.499,0.078125
11.504,0.13281
11.509,-0.14844
11.514,0.0625
11.519,-0.27344
11.524,0.19531
11.529,-0.14062
11.534,-0.054688
11.539,0.24219
11.544,-0.10156
11.549,0.20312
11.554,-0.054688
11.559,-0.070312
11.564,-0.046875
11.569,-0.070312
11.574,0.015625
11.579,0
11.584,-0.039062
11.589,0
11.594,-0.039062
11.599,-0.0625
11.604,-0.015625
11.609,-0.10938
11.614,-0.10938
11.619,0.0625
11.624,0.67969
11.629,-0.26562
11.634,-0.33594
11.639,-0.17188
11.644,0.25
11.649,-0.09375
11.654,0.76562
11.659,0.38281
11.664,-0.71875
11.669,0.125
11.674,-0.70312
11.679,-0.03125
11.684,0.34375
11.689,0.0078125
11.694,0.375
11.699,-0.625
11.704,-0.28906
11.709,-0.75781
11.714,0.63281
11.719,0.98438
11.724,0.023438
11.729,-0.17969
11.734,-0.125
11.739,-0.39844
11.744,-0.42969
11.749,0.69531
11.754,-0.35938
11.759,-0.63281
11.764,0.83594
11.769,-0.1875
11.774,-0.039062
11.779,-0.28125
11.784,-0.40625
11.789,0.0078125
11.794,0.23438
11.799,-0.039062
11.804,-0.070312
11.809,0.34375
11.814,-0.32031
11.819,0.039062
11.824,-0.125
11.829,0.30469
11.834,-0.34375
11.839,0.23438
11.844,0.054688
11.849,-0.16406
11.854,-0.24219
11.859,0.070312
11.864,-0.16406
11.869,0.14062
11.874,0.125
11.879,-0.10156
11.884,-0.0078125
11.889,-0.085938
11.894,0.09375
11.899,-0.33594
11.904,0.60938
11.909,-0.015625
11.914,-0.11719
11.919,0.078125
11.924,-0.32031
11.929,-0.23438
11.934,0.49219
11.939,-0.14062
11.944,-0.023438
11.949,-0.039062
11.954,-0.03125
11.959,0.25
11.964,-0.17188
11.969,0.16406
11.974,-0.070312
11.979,-0.046875
11.984,-0.039062
11.989,-0.03125
11.994,-0.10156
11.999,0.125
12.004,-0.0625
12.009,-0.0078125
12.014,0.0625
12.019,-0.0078125
12.024,0.046875
12.029,-0.03125
12.034,0.015625
12.039,0.10156
12.044,0.16406
12.049,-0.039062
12.054,-0.054688
12.059,0.15625
12.064,-0.10156
12.069,0.046875
12.074,0
12.079,0.1875
12.084,-0.10156
12.089,-0.10156
12.094,-0.085938
12.099,-0.03125
12.104,-0.03125
12.109,0.070312
12.114,-0.03125
12.119,-0.10156
12.124,0.015625
12.129,0.023438
12.134,0
12.139,-0.10156
12.144,-0.0078125
12.149,-0.015625
12.154,-0.03125
12.159,-0.0078125
12.164,0.023438
12.169,0.0078125
12.174,-0.0625
12.179,0.03125
12.184,0.015625
12.189,0.023438
12.194,-0.03125
12.199,-0.054688
12.204,-0.046875
12.209,0.039062
12.214,0.0078125
12.219,-0.015625
12.224,0.039062
12.229,-0.03125
12.234,0.0078125
12.239,-0.070312
12.244,-0.070312
12.249,0
12.254,-0.023438
12.259,0.015625
12.264,-0.046875
12.269,-0.03125
12.274,-0.046875
12.279,-0.14844
12.284,0.070312
12.289,0.13281
12.294,-0.023438
12.299,0.023438
12.304,-0.085938
12.309,-0.046875
12.314,-0.0078125
12.319,-0.046875
12.324,-0.0078125
12.329,-0.015625
12.334,-0.0078125
12.339,0.023438
12.344,0
12.349,0
12.354,-0.085938
12.359,0.070312
12.364,-0.015625
12.369,-0.039062
12.374,0.0078125
12.379,0.015625
12.384,-0.0078125
12.389,-0.03125
12.394,0.0078125
12.399,-0.0078125
12.404,0
12.409,-0.039062
12.414,0.0078125
12.419,0
12.424,0.0078125
12.429,-0.0078125
12.434,0
12.439,-0.0078125
12.444,-0.023438
12.449,0
12.454,-0.023438
12.459,0
12.464,-0.0078125
12.469,-0.015625
12.474,0
12.479,0
12.484,-0.015625
12.489,-0.015625
12.494,-0.0078125
12.499,0.0078125
12.504,0.0078125
12.509,-0.0078125
12.514,-0.015625
12.519,0.023438
12.524,-0.0078125
12.529,-0.015625
12.534,0
12.539,0
12.544,-0.023438
12.549,0.015625
12.554,0.015625
12.559,0.015625
12.564,-0.023438
12.569,-0.046875
12.574,0.046875
12.579,-0.015625
12.584,0
12.589,-0.039062
12.594,0
12.599,-0.023438
12.604,0.0078125
12.609,0.03125
12.614,-0.070312
12.619,0
12.624,-0.0625
12.629,0.09375
12.634,-0.03125
12.639,0.015625
12.644,-0.0625
12.649,0.039062
12.654,0.054688
12.659,-0.0078125
12.664,-0.039062
12.669,-0.14062
12.674,0.023438
12.679,0.10156
12.684,0.10156
12.689,0.015625
12.694,-0.085938
12.699,-0.10938
12.704,0
12.709,0.039062
12.714,0
12.719,0.046875
12.724,-0.0078125
12.729,-0.39062
12.734,0.0625
12.739,0.39062
12.744,0.015625
12.749,-0.17969
12.754,0.35938
12.759,-0.14062
12.764,0.25781
12.769,-0.070312
12.774,-0.35156
12.779,-0.61719
12.784,0.49219
12.789,0.21094
12.794,0.32031
12.799,-0.039062
12.804,-0.50781
12.809,0.32812
12.814,0
12.819,-0.36719
12.824,-0.86719
12.829,0.89844
12.834,-0.125
12.839,0.10938
12.844,0.070312
12.849,-0.39062
12.854,-0.28125
12.859,-0.22656
12.864,0.5625
12.869,-0.57031
12.874,0.64844
12.879,-0.054688
12.884,0.61719
12.889,0.61719
12.894,-0.75
12.899,-0.5
12.904,-0.09375
12.909,-0.0625
12.914,0.21875
12.919,0.070312
12.924,-0.17188
12.929,-1
12.934,0.69531
12.939,-0.34375
12.944,0.03125
12.949,0.48438
12.954,-0.64062
12.959,-0.15625
12.964,-0.09375
12.969,0.23438
12.974,-0.14062
12.979,-0.44531
12.984,0.69531
12.989,-0.72656
12.994,-0.16406
12.999,0.6875
13.004,0.20312
13.009,0.59375
13.014,-0.53906
13.019,0.59375
13.024,-0.54688
13.029,0.67188
13.034,-0.85938
13.039,0.375
13.044,-0.33594
13.049,-0.48438
13.054,0.78906
13.059,-0.5
13.064,-0.023438
13.069,-0.17969
13.074,0.11719
13.079,0.23438
13.084,-0.32812
13.089,0
13.094,0.03125
13.099,0.16406
13.104,-0.23438
13.109,-0.19531
13.114,0.10938
13.119,-0.078125
13.124,0.0078125
13.129,-0.070312
13.134,0.070312
13.139,0.085938
13.144,-0.0625
13.149,-0.046875
13.154,-0.078125
13.159,0.015625
13.164,0
13.169,-0.14062
13.174,0.03125
13.179,0.023438
13.184,-0.03125
13.189,0.046875
13.194,-0.015625
13.199,0.023438
13.204,-0.078125
13.209,-0.054688
13.214,0.046875
13.219,0
13.224,-0.015625
13.229,-0.015625
13.234,0.0078125
13.239,0
13.244,-0.0078125
13.249,-0.03125
13.254,-0.0078125
13.259,0.023438
13.264,0.039062
13.269,-0.0625
13.274,-0.054688
13.279,-0.03125
13.284,0.054688
13.289,0
13.294,-0.023438
13.299,0
13.304,-0.023438
13.309,-0.039062
13.314,-0.03125
13.319,0.039062
13.324,-0.085938
13.329,0.054688
13.334,-0.0625
13.339,0
13.344,-0.015625
13.349,-0.0078125
13.354,-0.015625
13.359,-0.039062
13.364,-0.015625
13.369,-0.023438
13.374,0.015625
13.379,0.023438
13.384,-0.039062
13.389,0.054688
13.394,-0.039062
13.399,0.03125
13.404,0.046875
13.409,-0.039062
13.414,-0.015625
13.419,-0.11719
13.424,0.023438
13.429,0.15625
13.434,-0.28906
13.439,-0.39844
13.444,0.17969
13.449,0.60156
13.454,0.015625
13.459,-0.15625
13.464,-0.11719
13.469,-0.22656
13.474,0.92969
13.479,0.015625
13.484,-0.28125
13.489,-0.039062
13.494,-0.22656
13.499,0.25
13.504,0
13.509,-0.45312
13.514,-0.125
13.519,-0.03125
13.524,-0.03125
13.529,0.0625
13.534,0.22656
13.539,0.14844
13.544,-0.125
13.549,0.046875
13.554,-0.21875
13.559,0.070312
13.564,-0.58594
13.569,0.4375
13.574,0.125
13.579,-0.16406
13.584,0.09375
13.589,0.039062
13.594,-0.10938
13.599,0.125
13.604,-0.67188
13.609,0.046875
13.614,0.58594
13.619,-0.3125
13.624,0.13281
13.629,0.09375
13.634,-0.21875
13.639,-0.25781
13.644,0.085938
13.649,0.0078125
13.654,-0.45312
13.659,0.49219
13.664,-0.085938
13.669,-0.4375
13.674,-0.25
13.679,0.54688
13.684,0.3125
13.689,0.10938
13.694,-0.20312
13.699,-0.75781
13.704,0.98438
13.709,-0.19531
13.714,0.26562
13.719,-0.30469
13.724,0.14062
13.729,-0.82031
13.734,0.85156
13.739,-0.078125
13.744,0.27344
13.749,0.023438
13.754,-0.71094
13.759,0.19531
13.764,0.21875
13.769,0.96875
13.774,0.5
13.779,-0.75781
13.784,0.3125
13.789,0.625
13.794,0.64844
13.799,-0.14062
13.804,0.53125
13.809,-0.94531
13.814,0.25781
13.819,-0.039062
13.824,0.60156
13.829,-0.5
13.834,-0.070312
13.839,-0.49219
13.844,0.26562
13.849,-0.82031
13.854,-0.88281
13.859,0.99219
13.864,-1
13.869,0.94531
13.874,0.015625
13.879,-0.47656
13.884,-0.48438
13.889,-0.054688
13.894,-0.85156
13.899,0.99219
13.904,-0.30469
13.909,0.60938
13.914,-0.49219
13.919,0.45312
13.924,-0.9375
13.929,0.42188
13.934,0.015625
13.939,0.60938
13.944,0.3125
13.949,-0.51562
13.954,0.23438
13.959,-0.16406
13.964,0.039062
13.969,0.23438
13.974,-0.77344
13.979,0.44531
13.984,-0.0078125
13.989,0.34375
13.994,0.25
13.999,-0.54688
14.004,-0.070312
14.009,-0.60156
14.014,-0.054688
14.019,0.16406
14.024,0.03125
14.029,-0.39062
14.034,0.125
14.039,-0.14062
14.044,-0.078125
14.049,-0.10156
14.054,0.33594
14.059,-0.21094
14.064,-0.0625
14.069,0.054688
14.074,0.046875
14.079,-0.29688
14.084,0.078125
14.089,-0.070312
14.094,-0.125
14.099,0.0078125
14.104,0.14844
14.109,-0.070312
14.114,-0.015625
14.119,-0.125
14.124,0.0078125
14.129,0.0625
14.134,0.078125
14.139,-0.03125
14.144,-0.125
14.149,-0.078125
14.154,0.10156
14.159,-0.070312
14.164,0.046875
14.169,-0.054688
14.174,-0.015625
14.179,-0.054688
14.184,-0.0078125
14.189,0
14.194,-0.023438
14.199,0
14.204,0.039062
14.209,-0.023438
14.214,-0.015625
14.219,-0.0078125
14.224,-0.054688
14.229,-0.039062
14.234,0.03125
14.239,-0.023438
14.244,-0.054688
14.249,0.023438
14.254,-0.015625
14.259,-0.0625
14.264,0.023438
14.269,-0.0078125
14.274,0.0078125
14.279,-0.046875
14.284,0
14.289,-0.0078125
14.294,0.078125
14.299,-0.10156
14.304,0
14.309,0.26562
14.314,-0.48438
14.319,0.0078125
14.324,0.32031
14.329,-0.30469
14.334,0.46094
14.339,-0.25781
14.344,-0.11719
14.349,-0.078125
14.354,-0.23438
14.359,0.30469
14.364,-0.054688
14.369,0.03125
14.374,-0.03125
14.379,-0.125
14.384,0.15625
14.389,0.28906
14.394,0.14844
14.399,0.078125
14.404,-0.74219
14.409,0.21875
14.414,0.22656
14.419,-0.046875
14.424,-0.125
14.429,0.10938
14.434,0.17969
14.439,-0.48438
14.444,0.60938
14.449,-0.36719
14.454,0.48438
14.459,0.3125
14.464,0.14844
14.469,-0.74219
14.474,0.015625
14.479,-0.17969
14.484,-0.1875
14.489,0.8125
14.494,-0.61719
14.499,0.36719
14.504,-0.078125
14.509,0.054688
14.514,-0.10938
14.519,-0.35156
14.524,-0.32031
14.529,0.52344
14.534,0.085938
14.539,-0.29688
14.544,-0.046875
14.549,0.33594
14.554,-0.09375
14.559,0.64844
14.564,-0.625
14.569,0.3125
14.574,-0.38281
14.579,-0.11719
14.584,0.79688
14.589,-0.25781
14.594,-0.58594
14.599,0.48438
14.604,-0.46875
14.609,-0.16406
14.614,0.40625
14.619,-0.35156
14.624,0.21094
14.629,-0.57812
14.634,-0.46094
14.639,0.38281
14.644,-0.039062
14.649,-0.24219
14.654,0.58594
14.659,-0.13281
14.664,-0.1875
14.669,-0.13281
14.674,-0.015625
14.679,-0.15625
14.684,0.10156
14.689,-0.85156
14.694,-0.36719
14.699,0.33594
14.704,0.023438
14.709,-0.0078125
14.714,0.20312
14.719,-1
14.724,0.27344
14.729,0.60156
14.734,0.039062
14.739,-0.125
14.744,-0.0078125
14.749,-0.21875
14.754,-0.22656
14.759,0.39844
14.764,0.03125
14.769,-0.023438
14.774,-0.21094
14.779,0.51562
14.784,-0.015625
14.789,-0.19531
14.794,0.25
14.799,-0.79688
14.804,-0.0078125
14.809,-0.14062
14.814,-0.20312
14.819,0.125
14.824,0.070312
14.829,-0.054688
14.834,-0.0625
14.839,0.10938
14.844,0.046875
14.849,-0.14844
14.854,0.14844
14.859,0.23438
14.864,-0.34375
14.869,0.03125
14.874,0.15625
14.879,-0.11719
14.884,-0.078125
14.889,0.11719
14.894,0.0625
14.899,-0.13281
14.904,0.046875
14.909,0.10938
14.914,-0.0625
14.919,0.015625
14.924,0.046875
14.929,-0.054688
14.934,-0.023438
14.939,-0.0078125
14.944,0
14.949,0.03125
14.954,-0.023438
14.959,0.0078125
14.964,-0.09375
14.969,-0.0078125
14.974,0.0625
14.979,-0.070312
14.984,0.078125
14.989,0.015625
14.994,0
14.999,-0.03125
15.004,-0.054688
15.009,0.03125
15.014,-0.0078125
15.019,0
15.024,-0.0078125
15.029,0.015625
15.034,0
15.039,0
15.044,-0.039062
15.049,-0.046875
15.054,-0.023438
15.059,0.023438
15.064,-0.039062
15.069,0
15.074,0.0078125
15.079,-0.0078125
15.084,0
15.089,0.0078125
15.094,-0.0078125
15.099,0.015625
15.104,-0.015625
15.109,-0.015625
15.114,-0.015625
15.119,-0.03125
15.124,0
15.129,-0.0078125
15.134,0.0078125
15.139,0.0078125
15.144,-0.03125
15.149,-0.023438
15.154,0
15.159,0.023438
15.164,-0.03125
15.169,-0.015625
15.174,-0.023438
15.179,-0.039062
15.184,-0.0078125
15.189,0.015625
15.194,0
15.199,-0.015625
15.204,-0.039062
15.209,-0.039062
15.214,-0.015625
15.219,0
15.224,0.0078125
15.229,0.023438
15.234,-0.023438
15.239,0.015625
15.244,0.015625
15.249,-0.03125
15.254,0.0078125
15.259,-0.015625
15.264,-0.03125
15.269,-0.015625
15.274,0.015625
15.279,-0.015625
15.284,0
15.289,0.015625
15.294,0.0078125
15.299,-0.0078125
15.304,0
15.309,-0.03125
15.314,-0.023438
15.319,-0.0078125
15.324,0.0078125
15.329,0
15.334,0
15.339,-0.0078125
15.344,-0.023438
15.349,0.0078125
15.354,-0.015625
15.359,0.015625
15.364,0
15.369,-0.015625
15.374,-0.0078125
15.379,-0.015625
15.384,0.0078125
15.389,0
15.394,-0.0078125
15.399,-0.015625
15.404,-0.039062
15.409,-0.0078125
15.414,0.078125
15.419,0.0078125
15.424,0.023438
15.429,-0.0078125
15.434,-0.03125
15.439,-0.03125
15.444,-0.046875
15.449,-0.023438
15.454,0
15.459,0.015625
15.464,-0.0078125
15.469,-0.03125
15.474,-0.03125
15.479,0.03125
15.484,-0.0078125
15.489,0.0078125
15.494,-0.0078125
15.499,-0.0625
15.504,0
15.509,0
15.514,-0.03125
15.519,0
15.524,-0.0078125
15.529,-0.03125
15.534,-0.015625
15.539,0.070312
15.544,0.10156
15.549,-0.03125
15.554,0.015625
15.559,-0.0625
15.564,-0.023438
15.569,0.078125
15.574,0.023438
15.579,0.0078125
15.584,-0.046875
15.589,-0.03125
15.594,0.15625
15.599,-0.10156
15.604,-0.03125
15.609,-0.023438
15.614,-0.0625
15.619,0
15.624,0.039062
15.629,0.10938
15.634,0.039062
15.639,-0.25781
15.644,0.30469
15.649,-0.15625
15.654,0.10156
15.659,-0.10938
15.664,-0.17969
15.669,0.22656
15.674,-0.070312
15.679,0.03125
15.684,-0.10156
15.689,0
15.694,-0.085938
15.699,0.1875
15.704,-0.1875
15.709,-0.11719
15.714,-0.015625
15.719,0.26562
15.724,-0.070312
15.729,-0.0078125
15.734,-0.25781
15.739,0.16406
15.744,-0.14844
15.749,-0.046875
15.754,0.054688
15.759,-0.14062
15.764,0.23438
15.769,-0.14844
15.774,-0.046875
15.779,-0.15625
15.784,-0.085938
15.789,0.32031
15.794,-0.023438
15.799,0.039062
15.804,-0.21875
15.809,0.14062
15.814,0.023438
15.819,-0.10156
15.824,0.015625
15.829,-0.11719
15.834,0.10156
15.839,-0.085938
15.844,-0.015625
15.849,0.070312
15.854,-0.20312
15.859,0.054688
15.864,0.085938
15.869,-0.070312
15.874,-0.52344
15.879,0.58594
15.884,0.015625
15.889,-0.14062
15.894,0.125
15.899,-0.16406
15.904,0.046875
15.909,0.0078125
15.914,0.023438
15.919,0.10938
15.924,0.023438
15.929,-0.19531
15.934,0.10156
15.939,-0.078125
15.944,-0.10156
15.949,0.11719
15.954,0.078125
15.959,-0.0625
15.964,0.046875
15.969,0.0625
15.974,0.039062
15.979,-0.14062
15.984,0.11719
15.989,-0.17969
15.994,0.26562
15.999,-0.34375
16.004,-0.015625
16.009,0.0625
16.014,0.09375
16.019,0.0078125
16.024,-0.039062
16.029,0.13281
16.034,-0.09375
16.039,0.21094
16.044,-0.34375
16.049,0.054688
16.054,0.054688
16.059,-0.0078125
16.064,0.14844
16.069,-0.16406
16.074,-0.125
16.079,-0.0078125
16.084,0.125
16.089,-0.17969
16.094,0.25781
16.099,-0.34375
16.104,0.20312
16.109,-0.023438
16.114,0.25
16.119,-0.03125
16.124,-0.10938
16.129,-0.09375
16.134,-0.25
16.139,0.16406
16.144,0.070312
16.149,0.046875
16.154,-0.4375
16.159,0.42188
16.164,-0.046875
16.169,0.17969
16.174,0.023438
16.179,-0.15625
16.184,-0.03125
16.189,0.039062
16.194,-0.0078125
16.199,-0.64062
16.204,0.70312
16.209,-0.085938
16.214,-0.046875
16.219,-0.0078125
16.224,-0.22656
16.229,-0.21875
16.234,0.25781
16.239,-0.16406
16.244,-0.71094
16.249,0.84375
16.254,-0.36719
16.259,0.59375
16.264,-0.15625
16.269,0.054688
16.274,-0.45312
16.279,0.21875
16.284,-0.21094
16.289,0.23438
16.294,0.10938
16.299,-0.13281
16.304,0.14062
16.309,-0.23438
16.314,0.17969
16.319,0.15625
16.324,-0.21094
16.329,0.14062
16.334,-0.32031
16.339,-0.070312
16.344,0.95312
16.349,-0.8125
16.354,0.53906
16.359,-0.79688
16.364,-0.046875
16.369,0.28125
16.374,-0.10156
16.379,-0.40625
16.384,-0.39062
16.389,0.47656
16.394,0.26562
16.399,-0.09375
16.404,-0.28906
16.409,0.039062
16.414,-0.46094
16.419,0.39062
16.424,-0.054688
16.429,0.15625
16.434,-0.21094
16.439,-0.41406
16.444,0.76562
16.449,-0.90625
16.454,0.70312
16.459,-0.3125
16.464,-0.63281
16.469,0.39062
16.474,0.13281
16.479,0.28125
16.484,-0.24219
16.489,-0.42188
16.494,-0.73438
16.499,0.99219
16.504,-0.015625
16.509,-0.17969
16.514,0.22656
16.519,-0.0625
16.524,0
16.529,-0.015625
16.534,-0.1875
16.539,-0.023438
16.544,0.72656
16.549,-0.32812
16.554,0.17188
16.559,-0.35156
16.564,-0.125
16.569,0.09375
16.574,0.0625
16.579,-0.32812
16.584,-0.63281
16.589,0.73438
16.594,-0.023438
16.599,0.13281
16.604,0.015625
16.609,-0.22656
16.614,-0.03125
16.619,-0.070312
16.624,-0.085938
16.629,0.015625
16.634,0.070312
16.639,0.023438
16.644,0.14844
16.649,-0.070312
16.654,-0.054688
16.659,0.0625
16.664,0.085938
16.669,-0.15625
16.674,0.0625
16.679,-0.03125
16.684,0.16406
16.689,-0.14062
16.694,-0.054688
16.699,0.25781
16.704,-0.054688
16.709,-0.11719
16.714,0.046875
16.719,0.015625
16.724,-0.015625
16.729,0.03125
16.734,-0.046875
16.739,-0.015625
16.744,0.0625
16.749,-0.0625
16.754,-0.039062
16.759,0.03125
16.764,-0.054688
16.769,-0.054688
16.774,-0.015625
16.779,0.078125
16.784,-0.078125
16.789,-0.046875
16.794,0.023438
16.799,0.03125
16.804,-0.015625
16.809,-0.0625
16.814,0.015625
16.819,-0.023438
16.824,0.0078125
16.829,0.023438
16.834,-0.078125
16.839,-0.023438
16.844,0.13281
16.849,-0.03125
16.854,-0.0625
16.859,-0.11719
16.864,0.21875
16.869,-0.03125
16.874,0.015625
16.879,-0.0078125
16.884,0.023438
16.889,0.29688
16.894,-0.17969
16.899,0.25781
16.904,-0.26562
16.909,0.0078125
16.914,-0.0078125
16.919,-0.17188
16.924,0.03125
16.929,-0.0625
16.934,0.046875
16.939,0.0078125
16.944,-0.039062
16.949,-0.078125
16.954,0.054688
16.959,0.0078125
16.964,-0.039062
16.969,-0.054688
16.974,0.046875
16.979,0.023438
16.984,-0.039062
16.989,-0.046875
16.994,0
16.999,0.015625
17.004,-0.023438
17.009,-0.0078125
17.014,-0.0078125
17.019,-0.03125
17.024,-0.054688
17.029,-0.0078125
17.034,0.023438
17.039,-0.03125
17.044,-0.039062
17.049,0.023438
17.054,0.070312
17.059,0.015625
17.064,-0.015625
17.069,-0.070312
17.074,0
17.079,-0.046875
17.084,0
17.089,-0.015625
17.094,-0.023438
17.099,0.015625
17.104,0.0078125
17.109,-0.023438
17.114,0.03125
17.119,-0.085938
17.124,0
17.129,-0.03125
17.134,0.0078125
17.139,0.015625
17.144,-0.070312
17.149,0.0078125
17.154,-0.054688
17.159,-0.015625
17.164,-0.070312
17.169,0.078125
17.174,-0.0625
17.179,-0.015625
17.184,0.13281
17.189,-0.054688
17.194,0.03125
17.199,-0.046875
17.204,-0.09375
17.209,-0.0078125
17.214,0.11719
17.219,-0.0078125
17.224,0.085938
17.229,-0.11719
17.234,-0.15625
17.239,0.054688
17.244,0.09375
17.249,0.023438
17.254,0.0625
17.259,-0.0625
17.264,-0.070312
17.269,-0.015625
17.274,0.10156
17.279,-0.03125
17.284,-0.046875
17.289,0.0078125
17.294,0.0625
17.299,0.11719
17.304,-0.054688
17.309,-0.085938
17.314,-0.09375
17.319,-0.015625
17.324,0.0078125
17.329,0.125
17.334,0.0078125
17.339,-0.14062
17.344,0.070312
17.349,0.09375
17.354,-0.039062
17.359,0.0078125
17.364,-0.10156
17.369,-0.09375
17.374,-0.13281
17.379,0.19531
17.384,-0.046875
17.389,0.10156
17.394,-0.054688
17.399,0.015625
17.404,0
17.409,-0.039062
17.414,-0.0625
17.419,0.015625
17.424,0.046875
17.429,-0.10938
17.434,0.046875
17.439,0.0078125
17.444,-0.13281
17.449,-0.0078125
17.454,0.03125
17.459,-0.10156
17.464,0.09375
17.469,-0.16406
17.474,-0.0078125
17.479,-0.30469
17.484,-0.0625
17.489,0.33594
17.494,-0.11719
17.499,-0.0078125
17.504,-0.23438
17.509,0.1875
17.514,0.32812
17.519,0.03125
17.524,0.085938
17.529,-0.25
17.534,0.0078125
17.539,0.14844
17.544,-0.24219
17.549,0.42969
17.554,-0.015625
17.559,-0.17188
17.564,0.085938
17.569,-0.19531
17.574,-0.03125
17.579,0.48438
17.584,-0.34375
17.589,-0.28906
17.594,0.47656
17.599,-0.82812
17.604,0.99219
17.609,-0.085938
17.614,0.09375
17.619,-0.76562
17.624,0.61719
17.629,0.63281
17.634,-0.70312
17.639,0.20312
17.644,-0.23438
17.649,0.16406
17.654,-0.10938
17.659,-0.13281
17.664,-0.29688
17.669,-0.27344
17.674,0.03125
17.679,0.16406
17.684,-0.070312
17.689,-0.0078125
17.694,-0.15625
17.699,0.36719
17.704,-0.054688
17.709,-0.25
17.714,0.0625
17.719,0.13281
17.724,-0.085938
17.729,-0.070312
17.734,0.078125
17.739,0.15625
17.744,-0.25
17.749,0.14062
17.754,0.0625
17.759,-0.125
17.764,-0.023438
17.769,0.10938
17.774,0.16406
17.779,0.14062
17.784,0.039062
17.789,-0.39062
17.794,-0.14844
17.799,0.22656
17.804,0.0625
17.809,0.039062
17.814,-0.09375
17.819,-0.14062
17.824,-0.44531
17.829,0.35938
17.834,-0.39844
17.839,-0.39844
17.844,0.70312
17.849,-0.64062
17.854,0.53906
17.859,0.046875
17.864,-0.29688
17.869,0.30469
17.874,-0.33594
17.879,-0.10938
17.884,0.45312
17.889,-0.5
17.894,0.64062
17.899,-0.36719
17.904,-0.046875
17.909,-0.39062
17.914,0.84375
17.919,-0.32812
17.924,-1
17.929,0.67188
17.934,-0.41406
17.939,0.17969
17.944,0.0078125
17.949,-0.27344
17.954,-0.25781
17.959,0.52344
17.964,0.19531
17.969,0.23438
17.974,-0.39844
17.979,-0.14062
17.984,0.078125
17.989,-0.09375
17.994,-0.17969
17.999,0.17969
18.004,0
18.009,0.11719
18.014,-0.26562
18.019,-0.14844
18.024,0.03125
18.029,0.023438
18.034,-0.19531
18.039,0.125
18.044,-0.046875
18.049,0.29688
18.054,-0.085938
18.059,0.24219
18.064,-0.039062
18.069,-0.17969
18.074,0.070312
18.079,0.039062
18.084,0.070312
18.089,-0.14062
18.094,0.023438
18.099,-0.0078125
18.104,-0.10156
18.109,-0.0078125
18.114,-0.078125
18.119,0.0625
18.124,-0.039062
18.129,-0.078125
18.134,0.039062
18.139,-0.0078125
18.144,0.039062
18.149,-0.0625
18.154,0.015625
18.159,0
18.164,0.015625
18.169,0.0078125
18.174,0.0078125
18.179,0.015625
18.184,-0.0625
18.189,-0.03125
18.194,0.023438
18.199,-0.070312
18.204,0.023438
18.209,-0.0078125
18.214,0.039062
18.219,0.0078125
18.224,0.046875
18.229,-0.015625
18.234,0.03125
18.239,-0.14844
18.244,-0.03125
18.249,-0.10938
18.254,0.16406
18.259,0.085938
18.264,-0.046875
18.269,0.0078125
18.274,-0.0625
18.279,0
18.284,0.039062
18.289,-0.023438
18.294,-0.054688
18.299,0.03125
18.304,0.0078125
18.309,0.015625
18.314,-0.039062
18.319,0
18.324,0.03125
18.329,-0.0078125
18.334,-0.0078125
18.339,-0.0078125
18.344,-0.0078125
18.349,0
18.354,-0.03125
18.359,0
18.364,0.03125
18.369,-0.023438
18.374,0
18.379,-0.0078125
18.384,-0.046875
18.389,0.039062
18.394,-0.023438
18.399,0.054688
18.404,-0.0625
18.409,-0.015625
18.414,-0.023438
18.419,-0.023438
18.424,0.039062
18.429,-0.023438
18.434,-0.039062
18.439,0.015625
18.444,-0.03125
18.449,0.0078125
18.454,-0.015625
18.459,0.11719
18.464,-0.054688
18.469,0.015625
18.474,0.015625
18.479,0.023438
18.484,-0.125
18.489,0.14844
18.494,-0.16406
18.499,0.125
18.504,-0.070312
18.509,0.078125
18.514,0.070312
18.519,-0.1875
18.524,-0.078125
18.529,0.11719
18.534,0.085938
18.539,-0.046875
18.544,0.039062
18.549,-0.14844
18.554,-0.14062
18.559,-0.10156
18.564,0.054688
18.569,0.23438
18.574,0.023438
18.579,-0.16406
18.584,-0.15625
18.589,-0.039062
18.594,0.085938
18.599,-0.03125
18.604,0.10156
18.609,-0.21094
18.614,-0.11719
18.619,0.054688
18.624,0.30469
18.629,0.13281
18.634,-0.10938
18.639,-0.070312
18.644,-0.054688
18.649,-0.32031
18.654,0.625
18.659,-0.33594
18.664,-0.3125
18.669,0.5625
18.674,0.40625
18.679,0.21094
18.684,-0.32812
18.689,-0.70312
18.694,-0.25
18.699,0.16406
18.704,-0.46875
18.709,0.92188
18.714,0.64844
18.719,-0.67188
18.724,0.63281
18.729,-0.25781
18.734,0.60156
18.739,-0.47656
18.744,0.03125
18.749,-0.49219
18.754,-0.14062
18.759,-0.25781
18.764,0.36719
18.769,0.67969
18.774,-0.82031
18.779,0.09375
18.784,0.28906
18.789,-0.53906
18.794,-0.23438
18.799,-0.84375
18.804,0.64844
18.809,-0.14844
18.814,-1
18.819,0.85156
18.824,-0.29688
18.829,0.91406
18.834,-0.625
18.839,0.99219
18.844,-0.49219
18.849,-0.27344
18.854,-0.46875
18.859,0.99219
18.864,-0.54688
18.869,-1
18.874,0.83594
18.879,0.13281
18.884,0.45312
18.889,-0.75781
18.894,0.25781
18.899,-0.29688
18.904,0.0078125
18.909,-0.5
18.914,0.89062
18.919,0.20312
18.924,-0.92969
18.929,0.65625
18.934,-0.67188
18.939,-0.67188
18.944,0.29688
18.949,-0.38281
18.954,0.8125
18.959,-0.054688
18.964,-0.875
18.969,0.48438
18.974,-0.39844
18.979,-0.070312
18.984,-0.070312
18.989,-0.28906
18.994,0.21875
18.999,-0.86719
19.004,-0.29688
19.009,0.09375
19.014,-0.023438
19.019,0.51562
19.024,-0.36719
19.029,0.57031
19.034,-0.92969
19.039,0.75
19.044,-0.5
19.049,0.39844
19.054,-0.16406
19.059,-0.25781
19.064,-0.21094
19.069,-0.09375
19.074,-0.039062
19.079,-0.375
19.084,-0.023438
19.089,0.60156
19.094,-0.28125
19.099,-0.67969
19.104,0.10156
19.109,-0.53125
19.114,0.41406
19.119,0.32031
19.124,0.52344
19.129,0.070312
19.134,0.023438
19.139,0.19531
19.144,0.22656
19.149,-0.21094
19.154,0.48438
19.159,-0.85156
19.164,-0.14844
19.169,0.125
19.174,0.28906
19.179,-0.14062
19.184,0.97656
19.189,-0.30469
19.194,-0.92188
19.199,0.84375
19.204,-0.34375
19.209,-0.34375
19.214,-0.21094
19.219,-0.28125
19.224,-0.45312
19.229,0.67188
19.234,-1
19.239,0.70312
19.244,0.023438
19.249,0.070312
19.254,-0.5
19.259,0.53125
19.264,0.070312
19.269,-0.92969
19.274,0.11719
19.279,-0.26562
19.284,-0.13281
19.289,0.38281
19.294,0.64062
19.299,-0.76562
19.304,0.83594
19.309,-0.47656
19.314,0.35156
19.319,-0.039062
19.324,-0.20312
19.329,0.11719
19.334,0.28125
19.339,-0.40625
19.344,0
19.349,0.085938
19.354,0.0078125
19.359,-0.14062
19.364,0.10156
19.369,-0.03125
19.374,-0.09375
19.379,0
19.384,0.09375
19.389,-0.21094
19.394,0.023438
19.399,0.015625
19.404,-0.039062
19.409,-0.10938
19.414,0.10156
19.419,-0.039062
19.424,-0.078125
19.429,0.039062
19.434,0.078125
19.439,-0.10938
19.444,-0.039062
19.449,0.015625
19.454,0
19.459,-0.023438
19.464,0.023438
19.469,-0.015625
19.474,0.039062
19.479,-0.015625
19.484,0.046875
19.489,-0.0625
19.494,-0.03125
19.499,0.0078125
19.504,-0.023438
19.509,-0.015625
19.514,-0.015625
19.519,0
19.524,-0.078125
19.529,-0.015625
19.534,0.054688
19.539,-0.023438
19.544,-0.14062
19.549,0.039062
19.554,0.023438
19.559,0.070312
19.564,-0.30469
19.569,0.078125
19.574,-0.22656
19.579,0.26562
19.584,0.125
19.589,-0.17969
19.594,-0.054688
19.599,-0.14062
19.604,0.25781
19.609,-0.03125
19.614,0.023438
19.619,-0.015625
19.624,0.054688
19.629,-0.11719
19.634,0.10156
19.639,-0.10938
19.644,0.039062
19.649,-0.09375
19.654,0.1875
19.659,-0.054688
19.664,-0.09375
19.669,-0.015625
19.674,-0.0625
19.679,-0.085938
19.684,0.023438
19.689,-0.22656
19.694,0.33594
19.699,-0.32031
19.704,0.67969
19.709,-0.0078125
19.714,-0.5625
19.719,0.78125
19.724,-0.33594
19.729,0.33594
19.734,-0.25
19.739,-0.39062
19.744,0.25
19.749,-0.47656
19.754,-0.46875
19.759,0.42188
19.764,-0.03125
19.769,-0.32812
19.774,0.085938
19.779,0.21875
19.784,-0.085938
19.789,0.17969
19.794,0.45312
19.799,-0.19531
19.804,-0.46875
19.809,-0.22656
19.814,0.99219
19.819,-0.65625
19.824,0.26562
19.829,0
19.834,-0.0078125
19.839,0.11719
19.844,-0.9375
19.849,0.98438
19.854,-0.8125
19.859,-0.35938
19.864,0.54688
19.869,0.054688
19.874,-0.13281
19.879,-0.046875
19.884,-0.125
19.889,-0.44531
19.894,0.1875
19.899,0.16406
19.904,0.0625
19.909,0.95312
19.914,0.16406
19.919,-0.046875
19.924,-0.91406
19.929,0.10156
19.934,-0.9375
19.939,0.73438
19.944,0.99219
19.949,-0.98438
19.954,0.49219
19.959,0.34375
19.964,0.023438
19.969,-0.39062
19.974,-0.14844
19.979,-0.13281
19.984,0.32812
19.989,0.10938
19.994,-0.11719
19.999,-0.76562
20.004,-0.21875
20.009,0.085938
20.014,-0.11719
