0.023998,-0.10156
0.028998,0.16406
0.033998,-0.1875
0.038998,-0.11719
0.043998,-0.078125
0.048998,0.13281
0.053998,0
0.058998,-0.039062
0.063998,0.054688
0.068998,-0.09375
0.073998,-0.17969
0.078998,-0.0078125
0.083998,0.19531
0.088998,0.078125
0.093998,-0.10156
0.098998,0.11719
0.104,-0.078125
0.109,0.015625
0.114,-0.046875
0.119,-0.10938
0.124,0.023438
0.129,-0.078125
0.134,-0.03125
0.139,0.23438
0.144,-0.015625
0.149,0.015625
0.154,0.03125
0.159,-0.078125
0.164,-0.023438
0.169,-0.046875
0.174,0
0.179,-0.046875
0.184,-0.070312
0.189,0
0.194,0.09375
0.199,-0.078125
0.204,-0.054688
0.209,0.03125
0.214,-0.039062
0.219,0
0.224,-0.03125
0.229,0.054688
0.234,-0.03125
0.239,-0.046875
0.244,0.023438
0.249,0
0.254,0.0078125
0.259,-0.039062
0.264,0
0.269,0
0.274,-0.023438
0.279,0.0625
0.284,-0.14062
0.289,0
0.294,-0.0078125
0.299,0.023438
0.304,-0.015625
0.309,0.015625
0.314,0.023438
0.319,-0.16406
0.324,0.14062
0.329,-0.09375
0.334,-0.21094
0.339,0.09375
0.344,0.13281
0.349,0.09375
0.354,0.085938
0.359,-0.16406
0.364,-0.085938
0.369,0.03125
0.374,-0.10156
0.379,0.0078125
0.384,-0.046875
0.389,0.03125
0.394,0.015625
0.399,-0.015625
0.404,-0.015625
0.409,0.015625
0.414,0.09375
0.419,0.015625
0.424,-0.039062
0.429,-0.14844
0.434,0.078125
0.439,-0.023438
0.444,-0.0625
0.449,-0.015625
0.454,0.13281
0.459,-0.13281
0.464,0.046875
0.469,-0.10156
0.474,0.039062
0.479,0.15625
0.484,-0.015625
0.489,-0.023438
0.494,0.21875
0.499,-0.10156
0.504,-0.10938
0.509,0.17969
0.514,-0.125
0.519,0.11719
0.524,0.10156
0.529,-0.36719
0.534,-0.023438
0.539,-0.15625
0.544,0.28125
0.549,0.20312
0.554,-0.1875
0.559,-0.24219
0.564,0.45312
0.569,0.39844
0.574,-0.023438
0.579,-0.22656
0.584,0.22656
0.589,-0.71094
0.594,0.19531
0.599,0.60938
0.604,-0.35938
0.609,0.15625
0.614,-0.85938
0.619,0.23438
0.624,-0.26562
0.629,0.53906
0.634,-0.34375
0.639,-0.25781
0.644,-0.3125
0.649,-0.23438
0.654,0.29688
0.659,0.046875
0.664,-0.09375
0.669,-0.48438
0.674,0.78125
0.679,-0.5625
0.684,0.28125
0.689,-0.26562
0.694,-1
0.699,0.92188
0.704,-0.30469
0.709,-0.29688
0.714,-0.44531
0.719,0.5
0.724,-0.46875
0.729,-0.16406
0.734,0.45312
0.739,-0.42188
0.744,0.125
0.749,-0.34375
0.754,0.4375
0.759,-0.58594
0.764,-0.35156
0.769,0.75
0.774,0.22656
0.779,-0.66406
0.784,-0.20312
0.789,0.46875
0.794,0.09375
0.799,0.33594
0.804,-0.30469
0.809,0.0625
0.814,0.03125
0.819,-0.42969
0.824,-0.375
0.829,0.99219
0.834,-0.99219
0.839,0.29688
0.844,0.054688
0.849,-0.22656
0.854,-0.32031
0.859,0.054688
0.864,-0.13281
0.869,0.30469
0.874,0.21094
0.879,-0.015625
0.884,-0.125
0.889,-0.46875
0.894,0.14062
0.899,-0.28125
0.904,0.32031
0.909,-0.33594
0.914,0.36719
0.919,-0.09375
0.924,0.09375
0.929,-0.039062
0.934,-0.085938
0.939,-0.11719
0.944,0.29688
0.949,-0.22656
0.954,-0.3125
0.959,0.42969
0.964,0.078125
0.969,-0.19531
0.974,0.078125
0.979,-0.070312
0.984,-0.25
0.989,-0.015625
0.994,0.48438
0.999,-0.023438
1.004,0.023438
1.009,-0.19531
1.014,-0.14062
1.019,-0.070312
1.024,0.10938
1.029,-0.078125
1.034,-0.015625
1.039,-0.015625
1.044,0.078125
1.049,-0.0078125
1.054,-0.015625
1.059,-0.039062
1.064,0.054688
1.069,0.015625
1.074,-0.03125
1.079,-0.039062
1.084,-0.14062
1.089,-0.054688
1.094,0.24219
1.099,-0.03125
1.104,0.085938
1.109,-0.11719
1.114,-0.14062
1.119,0.0078125
1.124,-0.0078125
1.129,0.0078125
1.134,-0.039062
1.139,0
1.144,0.03125
1.149,0.039062
1.154,-0.023438
1.159,-0.14844
1.164,-0.039062
1.169,0.023438
1.174,0.15625
1.179,0.039062
1.184,0.054688
1.189,-0.11719
1.194,-0.25
1.199,0.015625
1.204,0.24219
1.209,-0.03125
1.214,-0.03125
1.219,-0.015625
1.224,-0.023438
1.229,0.0078125
1.234,-0.039062
1.239,0.078125
1.244,0.03125
1.249,0.039062
1.254,-0.023438
1.259,-0.023438
1.264,0.0078125
1.269,0.0078125
1.274,-0.125
1.279,0.070312
1.284,-0.13281
1.289,0.1875
1.294,0.046875
1.299,0.03125
1.304,-0.09375
1.309,-0.0625
1.314,0
1.319,-0.046875
1.324,0.039062
1.329,-0.085938
1.334,-0.046875
1.339,0.125
1.344,0.03125
1.349,0.023438
1.354,-0.023438
1.359,-0.14062
1.364,0.14844
1.369,-0.10938
1.374,0.23438
1.379,-0.023438
1.384,-0.27344
1.389,0.17969
1.394,0.17188
1.399,0.023438
1.404,-0.070312
1.409,-0.28906
1.414,-0.14062
1.419,0.21094
1.424,0.0078125
1.429,0
1.434,-0.054688
1.439,-0.13281
1.444,0.023438
1.449,0.11719
1.454,-0.10156
1.459,-0.039062
1.464,0.015625
1.469,0.023438
1.474,-0.10156
1.479,-0.09375
1.484,0.046875
1.489,0.023438
1.494,-0.20312
1.499,0.36719
1.504,0.1875
1.509,-0.10156
1.514,0.0078125
1.519,-0.11719
1.524,-0.14844
1.529,0.046875
1.534,0.046875
1.539,-0.15625
1.544,0.085938
1.549,-0.085938
1.554,0.14062
1.559,-0.13281
1.564,-0.046875
1.569,0.070312
1.574,0.023438
1.579,-0.03125
1.584,-0.0078125
1.589,0
1.594,0
1.599,-0.054688
1.604,-0.023438
1.609,-0.09375
1.614,0.046875
1.619,0.039062
1.624,0.14844
1.629,-0.046875
1.634,-0.023438
1.639,-0.070312
1.644,-0.10156
1.649,0.054688
1.654,-0.023438
1.659,-0.03125
1.664,-0.039062
1.669,0.054688
1.674,-0.046875
1.679,-0.015625
1.684,-0.015625
1.689,-0.039062
1.694,0.015625
1.699,0
1.704,-0.039062
1.709,0.046875
1.714,-0.0625
1.719,0.054688
1.724,0.015625
1.729,-0.046875
1.734,0.0078125
1.739,-0.046875
1.744,0.023438
1.749,0.023438
1.754,0.0078125
1.759,0.015625
1.764,-0.023438
1.769,-0.03125
1.774,-0.085938
1.779,0.17188
1.784,0.0078125
1.789,0.03125
1.794,-0.085938
1.799,-0.0625
1.804,0.0078125
1.809,-0.015625
1.814,0.046875
1.819,-0.0625
1.824,-0.023438
1.829,-0.039062
1.834,0.11719
1.839,-0.015625
1.844,0.0078125
1.849,-0.16406
1.854,-0.046875
1.859,0.21875
1.864,0
1.869,0.046875
1.874,-0.125
1.879,0.070312
1.884,-0.09375
1.889,-0.015625
1.894,-0.0625
1.899,-0.015625
1.904,0.054688
1.909,0.054688
1.914,0.0625
1.919,-0.1875
1.924,-0.26562
1.929,0.054688
1.934,0.20312
1.939,0
1.944,-0.10156
1.949,0
1.954,0.4375
1.959,0.10938
1.964,0.17969
1.969,-0.66406
1.974,-0.17188
1.979,0.59375
1.984,-0.14062
1.989,0.17188
1.994,0.085938
1.999,-0.25
2.004,-0.125
2.009,0.13281
2.014,-0.21094
2.019,-0.15625
2.024,0.0625
2.029,-0.046875
2.034,-0.03125
2.039,-0.17188
2.044,0.046875
2.049,0.28125
2.054,0
2.059,-0.054688
2.064,-0.03125
2.069,0.070312
2.074,-0.14844
2.079,-0.21875
2.084,0.10938
2.089,0.24219
2.094,-0.25
2.099,0.039062
2.104,0
2.109,-0.0078125
2.114,0.14844
2.119,-0.09375
2.124,0.0078125
2.129,-0.19531
2.134,0.09375
2.139,-0.03125
2.144,-0.039062
2.149,-0.070312
2.154,-0.054688
2.159,0.125
2.164,-0.03125
2.169,-0.0078125
2.174,-0.054688
2.179,-0.054688
2.184,0.054688
2.189,0.0078125
2.194,-0.13281
2.199,0.054688
2.204,0.17969
2.209,0.03125
2.214,0.023438
2.219,-0.015625
2.224,-0.039062
2.229,-0.023438
2.234,-0.039062
2.239,-0.015625
2.244,-0.0078125
2.249,-0.03125
2.254,-0.0078125
2.259,-0.03125
2.264,0.0078125
2.269,-0.046875
2.274,0.054688
2.279,-0.10938
2.284,-0.054688
2.289,0.09375
2.294,0.125
2.299,-0.11719
2.304,0.054688
2.309,0.015625
2.314,-0.023438
2.319,-0.046875
2.324,-0.023438
2.329,-0.0078125
2.334,0.0078125
2.339,0.054688
2.344,-0.0078125
2.349,-0.015625
2.354,-0.046875
2.359,-0.0078125
2.364,-0.023438
2.369,-0.023438
2.374,-0.0625
2.379,0.0625
2.384,-0.039062
2.389,0.039062
2.394,0
2.399,-0.03125
2.404,-0.039062
2.409,0.039062
2.414,0.03125
2.419,-0.023438
2.424,-0.023438
2.429,-0.070312
2.434,0.039062
2.439,-0.015625
2.444,-0.078125
2.449,0.085938
2.454,0.0078125
2.459,0.046875
2.464,-0.023438
2.469,-0.070312
2.474,-0.015625
2.479,-0.0078125
2.484,0.19531
2.489,-0.070312
2.494,-0.0078125
2.499,-0.125
2.504,-0.09375
2.509,0.16406
2.514,0
2.519,0
2.524,-0.054688
2.529,-0.046875
2.534,-0.070312
2.539,0.03125
2.544,-0.015625
2.549,-0.078125
2.554,0.0078125
2.559,0.09375
2.564,-0.039062
2.569,0.0078125
2.574,-0.125
2.579,0.10156
2.584,0.10156
2.589,0.015625
2.594,0.046875
2.599,-0.10156
2.604,-0.046875
2.609,-0.03125
2.614,0.054688
2.619,-0.046875
2.624,0.039062
2.629,-0.039062
2.634,-0.085938
2.639,0.03125
2.644,0.0625
2.649,-0.0078125
2.654,0.039062
2.659,-0.023438
2.664,-0.10156
2.669,-0.039062
2.674,0.039062
2.679,0.10938
2.684,-0.0078125
2.689,-0.11719
2.694,0.0625
2.699,-0.054688
2.704,-0.03125
2.709,-0.03125
2.714,-0.070312
2.719,-0.023438
2.724,0.0078125
2.729,-0.078125
2.734,0.0078125
2.739,-0.023438
2.744,-0.046875
2.749,0.0625
2.754,-0.0078125
2.759,-0.10156
2.764,0.039062
2.769,-0.054688
2.774,-0.039062
2.779,0.125
2.784,0.039062
2.789,0.03125
2.794,-0.078125
2.799,-0.13281
2.804,0.023438
2.809,0.03125
2.814,-0.046875
2.819,-0.015625
2.824,-0.03125
2.829,-0.039062
2.834,0.03125
2.839,-0.015625
2.844,-0.023438
2.849,0.039062
2.854,0.0078125
2.859,-0.0078125
2.864,-0.054688
2.869,-0.078125
2.874,0.14844
2.879,-0.046875
2.884,0.078125
2.889,-0.070312
2.894,0
2.899,-0.015625
2.904,0.03125
2.909,-0.039062
2.914,-0.0625
2.919,0.015625
2.924,-0.054688
2.929,0.10156
2.934,-0.015625
2.939,-0.10938
2.944,0.070312
2.949,0.03125
2.954,0.023438
2.959,0.070312
2.964,-0.070312
2.969,0.039062
2.974,-0.0625
2.979,-0.21094
2.984,0.054688
2.989,0.1875
2.994,0.039062
2.999,0.054688
3.004,-0.0625
3.009,-0.10156
3.014,-0.023438
3.019,0.023438
3.024,-0.039062
3.029,-0.0625
3.034,-0.1875
3.039,0.023438
3.044,0.17188
3.049,-0.03125
3.054,-0.070312
3.059,0.15625
3.064,-0.46094
3.069,0.30469
3.074,0.14844
3.079,-0.0078125
3.084,0.03125
3.089,-0.41406
3.094,0.19531
3.099,-0.29688
3.104,0.63281
3.109,-0.03125
3.114,0.023438
3.119,-0.085938
3.124,-0.17188
3.129,-0.03125
3.134,-0.36719
3.139,0.54688
3.144,-0.21094
3.149,0.24219
3.154,0.015625
3.159,-0.09375
3.164,-0.03125
3.169,-0.21094
3.174,0
3.179,-0.0625
3.184,0.039062
3.189,-0.085938
3.194,0.0625
3.199,0.0078125
3.204,-0.17188
3.209,-0.054688
3.214,-0.11719
3.219,0.32031
3.224,-0.023438
3.229,0.16406
3.234,0.0078125
3.239,-0.17188
3.244,-0.078125
3.249,0.14844
3.254,-0.10156
3.259,-0.0078125
3.264,0.070312
3.269,-0.09375
3.274,0.023438
3.279,-0.10156
3.284,0.0078125
3.289,-0.015625
3.294,-0.085938
3.299,-0.023438
3.304,0.21875
3.309,-0.14062
3.314,0.13281
3.319,-0.14844
3.324,-0.0625
3.329,0.054688
3.334,0.0078125
3.339,-0.046875
3.344,-0.023438
3.349,0.0078125
3.354,-0.039062
3.359,0.070312
3.364,-0.0625
3.369,0.046875
3.374,0.023438
3.379,-0.03125
3.384,-0.046875
3.389,-0.03125
3.394,0.046875
3.399,0.023438
3.404,-0.039062
3.409,0.070312
3.414,-0.046875
3.419,-0.0078125
3.424,-0.039062
3.429,-0.0078125
3.434,0.015625
3.439,-0.054688
3.444,-0.0078125
3.449,0.046875
3.454,-0.054688
3.459,0.03125
3.464,0.046875
3.469,0.015625
3.474,-0.023438
3.479,-0.023438
3.484,-0.015625
3.489,-0.13281
3.494,0.10156
3.499,0.070312
3.504,0.054688
3.509,-0.03125
3.514,-0.023438
3.519,-0.039062
3.524,-0.015625
3.529,-0.20312
3.534,0.53906
3.539,-0.28906
3.544,0.27344
3.549,0.1875
3.554,-0.03125
3.559,0.09375
3.564,-0.16406
3.569,-0.21875
3.574,-0.32031
3.579,0.3125
3.584,0.33594
3.589,0.17969
3.594,-0.17969
3.599,-0.21094
3.604,-0.125
3.609,0.023438
3.614,0.046875
3.619,-0.078125
3.624,-0.085938
3.629,0
3.634,-0.0625
3.639,0.11719
3.644,-0.19531
3.649,0.19531
3.654,0.17969
3.659,-0.39062
3.664,-0.14062
3.669,0.23438
3.674,-0.20312
3.679,0.23438
3.684,-0.32812
3.689,0.35938
3.694,-0.125
3.699,0.046875
3.704,-0.53906
3.709,0.17188
3.714,0.14844
3.719,-0.14062
3.724,0.023438
3.729,-0.4375
3.734,0.10156
3.739,0.09375
3.744,0.58594
3.749,-0.39844
3.754,-0.15625
3.759,-0.1875
3.764,0.10938
3.769,0.070312
3.774,-0.023438
3.779,0.078125
3.784,0.03125
3.789,0
3.794,-0.046875
3.799,-0.046875
3.804,0.11719
3.809,0.28906
3.814,-0.20312
3.819,-0.125
3.824,0.046875
3.829,-0.11719
3.834,0.0625
3.839,-0.25
3.844,0.17188
3.849,-0.0078125
3.854,0.023438
3.859,0.15625
3.864,-0.17969
3.869,-0.3125
3.874,0.125
3.879,-0.19531
3.884,0.35156
3.889,0.14062
3.894,0.015625
3.899,-0.015625
3.904,-0.24219
3.909,-0.10156
3.914,0.03125
3.919,0.10938
3.924,-0.039062
3.929,-0.070312
3.934,-0.015625
3.939,0.19531
3.944,-0.13281
3.949,-0.03125
3.954,0.078125
3.959,0.085938
3.964,-0.015625
3.969,-0.10938
3.974,-0.10938
3.979,0.0078125
3.984,0.015625
3.989,0.30469
3.994,-0.13281
3.999,0.16406
4.004,-0.09375
4.009,-0.054688
4.014,-0.47656
4.019,0.79688
4.024,-0.49219
4.029,0.015625
4.034,-0.46094
4.039,-0.57812
4.044,0.83594
4.049,-0.32812
4.054,0.71094
4.059,-0.75781
4.064,0.76562
4.069,-0.78906
4.074,0.16406
4.079,0.29688
4.084,-1
4.089,0.73438
4.094,-0.14062
4.099,-0.21875
4.104,0.0625
4.109,0.46094
4.114,-0.45312
4.119,0.66406
4.124,0.09375
4.129,-0.65625
4.134,0.66406
4.139,-0.35938
4.144,-0.03125
4.149,-0.28906
4.154,0.070312
4.159,0.078125
4.164,-0.054688
4.169,-0.125
4.174,0.19531
4.179,0.070312
4.184,0.046875
4.189,-0.078125
4.194,0.28125
4.199,-0.25
4.204,-0.09375
4.209,0.10156
4.214,-0.10156
4.219,-0.070312
4.224,-0.15625
4.229,0.0625
4.234,-0.13281
4.239,0.0625
4.244,-0.17969
4.249,0.14844
4.254,-0.015625
4.259,-0.054688
4.264,0.0625
4.269,0.085938
4.274,-0.14062
4.279,-0.10156
4.284,0.09375
4.289,0.11719
4.294,-0.19531
4.299,0.13281
4.304,-0.1875
4.309,0.11719
4.314,-0.03125
4.319,-0.15625
4.324,-0.039062
4.329,0.023438
4.334,0.16406
4.339,0.09375
4.344,-0.1875
4.349,-0.023438
4.354,0.015625
4.359,-0.0078125
4.364,0.16406
4.369,-0.14062
4.374,0.10938
4.379,-0.070312
4.384,0.17969
4.389,0.078125
4.394,-0.015625
4.399,0.14844
4.404,-0.03125
4.409,0.09375
4.414,-0.1875
4.419,0.054688
4.424,-0.078125
4.429,0.085938
4.434,-0.16406
4.439,-0.09375
4.444,-0.023438
4.449,-0.13281
4.454,-0.0078125
4.459,0.023438
4.464,-0.11719
4.469,0.10156
4.474,0.0625
4.479,0.15625
4.484,-0.039062
4.489,-0.13281
4.494,0.070312
4.499,-0.039062
4.504,0.085938
4.509,-0.0625
4.514,-0.10156
4.519,-0.015625
4.524,0.09375
4.529,0.0078125
4.534,-0.046875
4.539,0.023438
4.544,-0.10156
4.549,-0.10938
4.554,-0.078125
4.559,0.25
4.564,0.30469
4.569,-0.03125
4.574,-0.15625
4.579,-0.14062
4.584,0.03125
4.589,0.0078125
4.594,-0.10938
4.599,-0.0078125
4.604,-0.023438
4.609,-0.085938
4.614,0.054688
4.619,-0.078125
4.624,-0.054688
4.629,0.16406
4.634,0.070312
4.639,-0.19531
4.644,-0.023438
4.649,-0.14062
4.654,0.10938
4.659,-0.039062
4.664,-0.054688
4.669,-0.054688
4.674,0.10156
4.679,-0.13281
4.684,-0.054688
4.689,-0.023438
4.694,0.070312
4.699,0.078125
4.704,0.03125
4.709,0.0078125
4.714,-0.046875
4.719,0.039062
4.724,-0.20312
4.729,0.023438
4.734,0.078125
4.739,0.0625
4.744,0.03125
4.749,-0.09375
4.754,-0.0078125
4.759,-0.039062
4.764,-0.11719
4.769,0.0625
4.774,-0.070312
4.779,-0.0625
4.784,0.15625
4.789,0.039062
4.794,0.09375
4.799,-0.09375
4.804,0.015625
4.809,-0.19531
4.814,-0.10938
4.819,0.33594
4.824,0.039062
4.829,0.078125
4.834,-0.16406
4.839,-0.10938
4.844,-0.046875
4.849,-0.09375
4.854,0.10938
4.859,-0.10938
4.864,0.10156
4.869,0.10938
4.874,-0.039062
4.879,-0.0625
4.884,-0.22656
4.889,0.0625
4.894,0.023438
4.899,0.09375
4.904,-0.039062
4.909,0.03125
4.914,-0.085938
4.919,-0.11719
4.924,0.085938
4.929,-0.023438
4.934,-0.11719
4.939,-0.10938
4.944,0.13281
4.949,0.32031
4.954,0
4.959,-0.023438
4.964,-0.125
4.969,-0.10156
4.974,0.070312
4.979,0.0078125
4.984,-0.0078125
4.989,-0.023438
4.994,0.039062
4.999,0.03125
5.004,-0.0078125
5.009,-0.015625
5.014,-0.10938
5.019,0.0078125
5.024,0.03125
5.029,-0.070312
5.034,-0.0625
5.039,-0.03125
5.044,0.32812
5.049,-0.25781
5.054,0.20312
5.059,0.023438
5.064,-0.25
5.069,0.023438
5.074,-0.0078125
5.079,0.0078125
5.084,-0.054688
5.089,-0.070312
5.094,-0.0625
5.099,0
5.104,0.015625
5.109,-0.023438
5.114,-0.10156
5.119,-0.15625
5.124,0.28906
5.129,0
5.134,0.078125
5.139,0.14844
5.144,-0.1875
5.149,0.03125
5.154,-0.054688
5.159,-0.17188
5.164,-0.10156
5.169,0.13281
5.174,-0.078125
5.179,0.054688
5.184,0.046875
5.189,-0.078125
5.194,0.015625
5.199,0.015625
5.204,-0.054688
5.209,0.039062
5.214,0.0625
5.219,0.070312
5.224,-0.10938
5.229,-0.054688
5.234,0.13281
5.239,0
5.244,0
5.249,-0.14844
5.254,0.1875
5.259,-0.03125
5.264,0.078125
5.269,0
5.274,-0.54688
5.279,0.23438
5.284,0
5.289,0.0625
5.294,0.11719
5.299,-0.10156
5.304,-0.19531
5.309,-0.28906
5.314,-0.57031
5.319,0.38281
5.324,0.35156
5.329,0
5.334,-0.023438
5.339,-0.51562
5.344,0.023438
5.349,0.35156
5.354,-0.14844
5.359,0.21094
5.364,-0.10938
5.369,0.046875
5.374,0.21875
5.379,-0.10938
5.384,-0.29688
5.389,0.17188
5.394,0.13281
5.399,-0.14062
5.404,-0.0078125
5.409,-0.10938
5.414,0.36719
5.419,0.046875
5.424,-0.14844
5.429,-0.23438
5.434,0.054688
5.439,-0.015625
5.444,0.09375
5.449,-0.09375
5.454,-0.0625
5.459,-0.085938
5.464,-0.10156
5.469,0.1875
5.474,0.0625
5.479,-0.015625
5.484,-0.0078125
5.489,-0.085938
5.494,0.10938
5.499,-0.039062
5.504,0.054688
5.509,-0.078125
5.514,0.039062
5.519,0.078125
5.524,0.015625
5.529,-0.070312
5.534,-0.023438
5.539,-0.078125
5.544,0.070312
5.549,0
5.554,-0.070312
5.559,-0.0078125
5.564,0.015625
5.569,-0.015625
5.574,-0.039062
5.579,0.015625
5.584,-0.03125
5.589,0.03125
5.594,-0.046875
5.599,0.015625
5.604,0.0078125
5.609,0
5.614,0.0078125
5.619,-0.023438
5.624,-0.0625
5.629,0.0625
5.634,-0.03125
5.639,0.015625
5.644,0
5.649,0
5.654,-0.078125
5.659,0.015625
5.664,-0.0078125
5.669,0.015625
5.674,-0.039062
5.679,-0.03125
5.684,0.0078125
5.689,-0.0078125
5.694,-0.015625
5.699,-0.015625
5.704,-0.023438
5.709,0.015625
5.714,0.023438
5.719,-0.0078125
5.724,-0.015625
5.729,0
5.734,-0.015625
5.739,-0.015625
5.744,-0.015625
5.749,0.0078125
5.754,0.039062
5.759,-0.03125
5.764,-0.125
5.769,-0.0078125
5.774,-0.015625
5.779,0.19531
5.784,0.039062
5.789,-0.0625
5.794,-0.125
5.799,-0.10156
5.804,-0.023438
5.809,-0.4375
5.814,0.40625
5.819,0.0625
5.824,0.078125
5.829,0.09375
5.834,-0.25
5.839,-0.085938
5.844,-0.015625
5.849,-0.25
5.854,0.34375
5.859,0.16406
5.864,-0.023438
5.869,-0.26562
5.874,-0.085938
5.879,0.48438
5.884,0.03125
5.889,0.17969
5.894,-0.30469
5.899,-0.28125
5.904,0.0078125
5.909,-0.023438
5.914,-0.16406
5.919,-0.03125
5.924,-0.078125
5.929,0.17188
5.934,0.29688
5.939,-0.046875
5.944,0.0078125
5.949,-0.125
5.954,0.28125
5.959,-0.23438
5.964,-0.0078125
5.969,-0.070312
5.974,0.03125
5.979,-0.17188
5.984,-0.0078125
5.989,0.50781
5.994,-0.19531
5.999,-0.0625
6.004,-0.15625
6.009,0.039062
6.014,-0.03125
6.019,-0.023438
6.024,-0.32812
6.029,0.19531
6.034,0.34375
6.039,-0.38281
6.044,0.54688
6.049,0.26562
6.054,-0.25781
6.059,0.070312
6.064,-0.14844
6.069,-0.17969
6.074,-0.10938
6.079,-0.14062
6.084,-0.10156
6.089,0.11719
6.094,-0.11719
6.099,-0.25781
6.104,0.84375
6.109,0.015625
6.114,0.078125
6.119,0
6.124,-0.3125
6.129,-0.22656
6.134,-0.054688
6.139,0.17969
6.144,-0.015625
6.149,0.21875
6.154,-0.1875
6.159,0.15625
6.164,-0.17969
6.169,-0.20312
6.174,-0.21094
6.179,0.28906
6.184,-0.51562
6.189,0.49219
6.194,0.17969
6.199,-0.03125
6.204,0.0625
6.209,-0.42188
6.214,-0.03125
6.219,-0.046875
6.224,0.10156
6.229,0.046875
6.234,-0.16406
6.239,-0.125
6.244,0.16406
6.249,0.054688
6.254,0.015625
6.259,-0.14844
6.264,-0.10938
6.269,-0.29688
6.274,-0.09375
6.279,0.82031
6.284,0.039062
6.289,-0.10156
6.294,-0.30469
6.299,-0.078125
6.304,0.21094
6.309,-0.125
6.314,0.023438
6.319,-0.20312
6.324,0.070312
6.329,-0.55469
6.334,0.91406
6.339,-0.023438
6.344,-0.28125
6.349,0.054688
6.354,-0.17969
6.359,-0.25781
6.364,-0.20312
6.369,0.41406
6.374,-0.03125
6.379,0.24219
6.384,-0.11719
6.389,-0.23438
6.394,-0.039062
6.399,-0.22656
6.404,0.35938
6.409,0
6.414,0.1875
6.419,-0.3125
6.424,0.10156
6.429,0.03125
6.434,-0.125
6.439,0.10156
6.444,-0.24219
6.449,-0.53125
6.454,0.375
6.459,0.39844
6.464,0.16406
6.469,0.15625
6.474,-0.61719
6.479,-0.375
6.484,0.42969
6.489,0.25
6.494,-0.078125
6.499,-0.054688
6.504,-0.69531
6.509,0.125
6.514,0.41406
6.519,-0.023438
6.524,0.085938
6.529,-0.16406
6.534,-0.35938
6.539,-0.14062
6.544,0.17188
6.549,0.17188
6.554,0.61719
6.559,0.15625
6.564,-0.34375
6.569,-0.10938
6.574,0.10156
6.579,-0.14844
6.584,0
6.589,0.0078125
6.594,-0.17188
6.599,0.26562
6.604,-0.25781
6.609,-0.14062
6.614,0.10156
6.619,0.25
6.624,-0.046875
6.629,0.39062
6.634,-0.50781
6.639,-0.015625
6.644,-0.10156
6.649,-0.3125
6.654,-0.09375
6.659,0.39844
6.664,0.09375
6.669,-0.085938
6.674,-0.09375
6.679,-0.41406
6.684,0.16406
6.689,0.125
6.694,0.070312
6.699,-0.078125
6.704,0.14062
6.709,-0.17188
6.714,0.11719
6.719,-0.33594
6.724,0.039062
6.729,0.33594
6.734,-0.13281
6.739,0.10938
6.744,-0.25781
6.749,-0.10156
6.754,-0.085938
6.759,-0.16406
6.764,0.1875
6.769,-0.13281
6.774,-0.14844
6.779,0.046875
6.784,0.25781
6.789,0.19531
6.794,-0.17969
6.799,-0.046875
6.804,-0.16406
6.809,-0.65625
6.814,0.66406
6.819,-0.19531
6.824,0.0625
6.829,-0.125
6.834,-0.46094
6.839,0.3125
6.844,-0.36719
6.849,0.54688
6.854,-0.22656
6.859,-0.66406
6.864,0.0078125
6.869,0.89844
6.874,-0.625
6.879,0.70312
6.884,0
6.889,-0.80469
6.894,0.70312
6.899,0.35938
6.904,-0.09375
6.909,0.17188
6.914,-0.85938
6.919,-0.97656
6.924,0.99219
6.929,0.4375
6.934,-0.22656
6.939,-0.0625
6.944,-0.74219
6.949,0.52344
6.954,-0.33594
6.959,0.76562
6.964,-0.65625
6.969,0.125
6.974,-0.60156
6.979,0.46094
6.984,-0.67969
6.989,-0.50781
6.994,0.34375
6.999,-0.61719
7.004,0.27344
7.009,-0.23438
7.014,-0.47656
7.019,0.16406
7.024,0.63281
7.029,-0.078125
7.034,0.32812
7.039,-0.36719
7.044,-0.67188
7.049,-0.28906
7.054,0.89062
7.059,-0.10156
7.064,0.13281
7.069,-0.15625
7.074,-0.039062
7.079,-0.11719
7.084,0.14844
7.089,-0.14844
7.094,0.054688
7.099,-0.023438
7.104,-0.10156
7.109,-0.046875
7.114,0.085938
7.119,-0.03125
7.124,0.10156
7.129,-0.19531
7.134,0.046875
7.139,0.039062
7.144,0.0625
7.149,-0.054688
7.154,-0.085938
7.159,-0.21875
7.164,0.070312
7.169,0
7.174,0.15625
7.179,-0.070312
7.184,-0.19531
7.189,0.14844
7.194,-0.28125
7.199,-0.13281
7.204,-0.03125
7.209,0.03125
7.214,-0.015625
7.219,0.070312
7.224,0.054688
7.229,-0.14844
7.234,0
7.239,-0.0625
7.244,0.26562
7.249,0
7.254,-0.023438
7.259,-0.03125
7.264,0.0625
7.269,0.015625
7.274,-0.0078125
7.279,-0.054688
7.284,0.125
7.289,-0.078125
7.294,0.023438
7.299,0.085938
7.304,-0.16406
7.309,-0.039062
7.314,0.10938
7.319,-0.046875
7.324,-0.015625
7.329,0
7.334,-0.070312
7.339,0.03125
7.344,0.125
7.349,-0.14844
7.354,0.03125
7.359,-0.070312
7.364,-0.070312
7.369,0.03125
7.374,0
7.379,0.03125
7.384,-0.046875
7.389,-0.085938
7.394,0.0078125
7.399,-0.17969
7.404,0.32031
7.409,-0.3125
7.414,0.21094
7.419,0.35156
7.424,-0.3125
7.429,-0.64062
7.434,-0.89844
7.439,0.52344
7.444,0.50781
7.449,-0.42188
7.454,-0.078125
7.459,-0.20312
7.464,0.57031
7.469,0.0625
7.474,-0.60156
7.479,0.58594
7.484,-1
7.489,0.99219
7.494,-0.61719
7.499,-0.46875
7.504,0.078125
7.509,0.4375
7.514,-0.22656
7.519,-0.54688
7.524,0.19531
7.529,-0.46094
7.534,0.96875
7.539,-0.4375
7.544,-0.53125
7.549,-0.32031
7.554,0.21875
7.559,-0.0078125
7.564,-0.09375
7.569,0.3125
7.574,0.046875
7.579,0.078125
7.584,0.015625
7.589,-0.15625
7.594,0.19531
7.599,-0.0078125
7.604,0.0078125
7.609,-0.0078125
7.614,0.085938
7.619,0.10938
7.624,-0.15625
7.629,-0.046875
7.634,0.16406
7.639,-0.0078125
7.644,-0.11719
7.649,-0.10156
7.654,0
7.659,-0.10938
7.664,-0.09375
7.669,0.054688
7.674,-0.0078125
7.679,0.078125
7.684,0.046875
7.689,-0.19531
7.694,-0.039062
7.699,-0.19531
7.704,0.22656
7.709,0.0625
7.714,-0.14062
7.719,0.25
7.724,-0.3125
7.729,0.28906
7.734,0.09375
7.739,-0.21875
7.744,0.16406
7.749,-0.17188
7.754,0.13281
7.759,-0.070312
7.764,0.0078125
7.769,-0.03125
7.774,0.015625
7.779,-0.023438
7.784,-0.11719
7.789,0.11719
7.794,-0.039062
7.799,0.03125
7.804,-0.023438
7.809,0.03125
7.814,-0.054688
7.819,-0.03125
7.824,-0.039062
7.829,-0.023438
7.834,0.11719
7.839,-0.046875
7.844,0.039062
7.849,-0.10938
7.854,-0.070312
7.859,0.054688
7.864,0.046875
7.869,0.0625
7.874,-0.3125
7.879,0.070312
7.884,0.09375
7.889,0.078125
7.894,0
7.899,-0.10156
7.904,-0.10938
7.909,-0.078125
7.914,-0.023438
7.919,0.03125
7.924,-0.03125
7.929,-0.53906
7.934,0.82031
7.939,-0.085938
7.944,-0.26562
7.949,-0.0078125
7.954,-0.5
7.959,0
7.964,0.13281
7.969,-0.59375
7.974,0.64844
7.979,-0.94531
7.984,-0.27344
7.989,0.32812
7.994,0.039062
7.999,-0.24219
8.004,-0.33594
8.009,0.92188
8.014,0.625
8.019,-0.32812
8.024,-0.46094
8.029,-0.875
8.034,-0.40625
8.039,-0.25
8.044,0.67969
8.049,0.13281
8.054,-0.34375
8.059,0.28125
8.064,-0.054688
8.069,-0.14062
8.074,-0.51562
8.079,0.28906
8.084,0.054688
8.089,0.10156
8.094,-0.17969
8.099,0.23438
8.104,-0.53125
8.109,0.40625
8.114,0.19531
8.119,0.44531
8.124,0.28906
8.129,-0.375
8.134,-0.52344
8.139,0.10938
8.144,0.0078125
8.149,0.085938
8.154,-0.13281
8.159,-0.13281
8.164,0.10938
8.169,-0.0078125
8.174,-0.14062
8.179,0.27344
8.184,-0.13281
8.189,0.10156
8.194,0.11719
8.199,-0.015625
8.204,-0.5
8.209,0.34375
8.214,0.36719
8.219,-0.1875
8.224,0.41406
8.229,-0.26562
8.234,-0.015625
8.239,0.046875
8.244,0.11719
8.249,-0.28125
8.254,0
8.259,0.054688
8.264,-0.10938
8.269,0.03125
8.274,-0.0625
8.279,-0.32031
8.284,0.48438
8.289,0.14844
8.294,-0.09375
8.299,-0.078125
8.304,-0.085938
8.309,-0.0625
8.314,-0.16406
8.319,0.085938
8.324,-0.03125
8.329,0.023438
8.334,-0.046875
8.339,0.14844
8.344,-0.046875
8.349,-0.16406
8.354,0.0625
8.359,-0.03125
8.364,0.03125
8.369,-0.0078125
8.374,0.015625
8.379,0.023438
8.384,-0.22656
8.389,0.16406
8.394,-0.078125
8.399,-0.21094
8.404,0.125
8.409,-0.16406
8.414,0.0625
8.419,0.21875
8.424,-0.29688
8.429,0.078125
8.434,-0.10938
8.439,-0.0078125
8.444,0.015625
8.449,0
8.454,0.054688
8.459,-0.078125
8.464,0.10938
8.469,-0.054688
8.474,0.046875
8.479,-0.054688
8.484,0.0078125
8.489,0.125
8.494,-0.085938
8.499,0.0078125
8.504,-0.085938
8.509,-0.0625
8.514,-0.039062
8.519,0.10938
8.524,-0.039062
8.529,-0.27344
8.534,-0.23438
8.539,0.58594
8.544,0.27344
8.549,0.0625
8.554,-0.21094
8.559,-0.33594
8.564,-0.55469
8.569,0.6875
8.574,0.054688
8.579,-0.54688
8.584,-0.76562
8.589,0.34375
8.594,-0.28906
8.599,0.99219
8.604,-0.52344
8.609,-0.76562
8.614,0.99219
8.619,-0.78125
8.624,0.99219
8.629,-0.57812
8.634,-0.11719
8.639,-1
8.644,0.03125
8.649,0.015625
8.654,0.28125
8.659,0.039062
8.664,-0.054688
8.669,-0.10938
8.674,-0.83594
8.679,0.99219
8.684,0.23438
8.689,-0.0625
8.694,-0.36719
8.699,-0.38281
8.704,-0.14844
8.709,0.10938
8.714,0.125
8.719,-0.11719
8.724,0.14062
8.729,0.015625
8.734,-0.10938
8.739,0.078125
8.744,-0.078125
8.749,-0.10156
8.754,-0.13281
8.759,0.03125
8.764,0.023438
8.769,-0.054688
8.774,0.085938
8.779,-0.015625
8.784,-0.14062
8.789,0.14062
8.794,-0.023438
8.799,0.0078125
8.804,0.070312
8.809,-0.1875
8.814,0.14844
8.819,-0.23438
8.824,0.125
8.829,-0.13281
8.834,0.015625
8.839,-0.023438
8.844,0.125
8.849,-0.085938
8.854,-0.16406
8.859,0.11719
8.864,-0.085938
8.869,0.21094
8.874,-0.14062
8.879,0.054688
8.884,-0.09375
8.889,0.1875
8.894,-0.14844
8.899,-0.25
8.904,-0.078125
8.909,-0.023438
8.914,0.09375
8.919,0.15625
8.924,-0.085938
8.929,0.14844
8.934,-0.023438
8.939,-0.16406
8.944,0.078125
8.949,-0.054688
8.954,0.17969
8.959,-0.21094
8.964,-0.023438
8.969,-0.14062
8.974,0.09375
8.979,0.15625
8.984,-0.13281
8.989,-0.14062
8.994,0.10938
8.999,0.21875
9.004,0.070312
9.009,-0.046875
9.014,-0.22656
9.019,0.015625
9.024,0.015625
9.029,0.14844
9.034,-0.1875
9.039,-0.46875
9.044,0.75
9.049,0.023438
9.054,-0.015625
9.059,-0.69531
9.064,0.28125
9.069,0.57031
9.074,-0.75
9.079,0.74219
9.084,-0.98438
9.089,-0.82812
9.094,0.99219
9.099,-0.86719
9.104,-0.49219
9.109,-0.023438
9.114,-0.82031
9.119,0.14062
9.124,0.71094
9.129,-0.89844
9.134,-0.28906
9.139,0.71875
9.144,-1
9.149,0.99219
9.154,-0.14062
9.159,-0.42969
9.164,-0.57812
9.169,0.25781
9.174,-0.28906
9.179,-0.70312
9.184,0.99219
9.189,-0.86719
9.194,-0.32812
9.199,0.23438
9.204,-0.054688
9.209,0.0625
9.214,0.55469
9.219,-0.42969
9.224,-0.21094
9.229,0.58594
9.234,0.16406
9.239,0.14062
9.244,0.10156
9.249,-0.26562
9.254,0.046875
9.259,0.27344
9.264,-0.0078125
9.269,-0.20312
9.274,-0.0078125
9.279,0.27344
9.284,-0.10938
9.289,-0.070312
9.294,0.19531
9.299,-0.09375
9.304,-0.10938
9.309,-0.0078125
9.314,0.039062
9.319,-0.11719
9.324,0.039062
9.329,-0.0078125
9.334,0.24219
9.339,-0.03125
9.344,-0.10938
9.349,-0.046875
9.354,-0.10156
9.359,0.085938
9.364,0.03125
9.369,-0.14844
9.374,-0.039062
9.379,0.09375
9.384,0.09375
9.389,0.23438
9.394,-0.078125
9.399,-0.0625
9.404,-0.085938
9.409,-0.09375
9.414,-0.11719
9.419,0.16406
9.424,-0.03125
9.429,-0.046875
9.434,0.14062
9.439,-0.20312
9.444,0.11719
9.449,-0.054688
9.454,0.20312
9.459,-0.14844
9.464,-0.054688
9.469,-0.11719
9.474,-0.0078125
9.479,0.03125
9.484,-0.10938
9.489,0.22656
9.494,-0.3125
9.499,0.039062
9.504,0.054688
9.509,-0.070312
9.514,0.085938
9.519,0.19531
9.524,-0.27344
9.529,0.054688
9.534,-0.070312
9.539,-0.10938
9.544,0.53125
9.549,-0.55469
9.554,-0.023438
9.559,0
9.564,0.015625
9.569,0.0625
9.574,-0.078125
9.579,0.085938
9.584,0.14062
9.589,-0.19531
9.594,-0.023438
9.599,-0.03125
9.604,-0.11719
9.609,0.21094
9.614,0.039062
9.619,-0.015625
9.624,0.11719
9.629,-0.17969
9.634,0.0078125
9.639,-0.32812
9.644,0.52344
9.649,0.51562
9.654,-0.44531
9.659,-0.023438
9.664,-0.070312
9.669,-0.74219
9.674,0.99219
9.679,-0.46094
9.684,-0.9375
9.689,0.0625
9.694,-0.50781
9.699,0.64844
9.704,0.35938
9.709,0.17969
9.714,-0.53906
9.719,-0.19531
9.724,0.023438
9.729,-0.53906
9.734,0.5625
9.739,0.14844
9.744,-0.5
9.749,0.4375
9.754,-0.0625
9.759,-0.085938
9.764,-0.09375
9.769,-0.10938
9.774,-0.085938
9.779,0
9.784,0.14062
9.789,0.023438
9.794,0.023438
9.799,0.09375
9.804,-0.03125
9.809,0.0625
9.814,0
9.819,-0.023438
9.824,0.03125
9.829,0.015625
9.834,-0.10156
9.839,0.039062
9.844,-0.03125
9.849,0.070312
9.854,-0.078125
9.859,0.0078125
9.864,0.03125
9.869,0
9.874,-0.03125
9.879,-0.17969
9.884,0.25
9.889,-0.054688
9.894,-0.015625
9.899,0.0625
9.904,-0.21875
9.909,0.078125
9.914,-0.0078125
9.919,0
9.924,-0.22656
9.929,0.24219
9.934,-0.15625
9.939,-0.078125
9.944,0.35156
9.949,0.078125
9.954,-0.26562
9.959,-0.078125
9.964,-0.17188
9.969,0.125
9.974,0.16406
9.979,-0.125
9.984,0.015625
9.989,0.023438
9.994,-0.0625
9.999,0.03125
10.004,-0.0078125
10.009,-0.17969
10.014,0.054688
10.019,0.085938
10.024,-0.070312
10.029,-0.10938
10.034,0.125
10.039,0.14062
10.044,-0.14062
10.049,-0.054688
10.054,-0.09375
10.059,0.015625
10.064,-0.046875
10.069,-0.25781
10.074,-0.74219
10.079,0.8125
10.084,-0.49219
10.089,-0.19531
10.094,0.27344
10.099,-1
10.104,0.99219
10.109,0.55469
10.114,-0.17969
10.119,-0.57812
10.124,-1
10.129,-0.82031
10.134,0.99219
10.139,0.52344
10.144,-0.67188
10.149,-0.32812
10.154,-0.054688
10.159,-0.32031
10.164,-0.4375
10.169,0.78125
10.174,-0.86719
10.179,0.57031
10.184,-0.17969
10.189,-0.0625
10.194,-0.078125
10.199,-0.20312
10.204,0.27344
10.209,-0.0625
10.214,0.36719
10.219,-0.14844
10.224,0.41406
10.229,-0.0625
10.234,-0.10938
10.239,-0.085938
10.244,0.19531
10.249,-0.0625
10.254,-0.09375
10.259,0.015625
10.264,0.11719
10.269,-0.14062
10.274,0.0078125
10.279,0.10938
10.284,-0.078125
10.289,-0.09375
10.294,-0.078125
10.299,-0.0078125
10.304,0.085938
10.309,0.10938
10.314,-0.21875
10.319,0.09375
10.324,-0.070312
10.329,-0.0078125
10.334,0.15625
10.339,-0.21094
10.344,-0.054688
10.349,0.039062
10.354,0.054688
10.359,0.0078125
10.364,-0.15625
10.369,0.0078125
10.374,0.16406
10.379,0.0625
10.384,0.22656
10.389,-0.22656
10.394,0.13281
10.399,-0.38281
10.404,0.125
10.409,0.0078125
10.414,0.03125
10.419,0.10156
10.424,0.015625
10.429,-0.16406
10.434,-0.17188
10.439,0
10.444,-0.03125
10.449,0.1875
10.454,-0.085938
10.459,0.070312
10.464,-0.039062
10.469,-0.17969
10.474,-0.054688
10.479,0.023438
10.484,0.0625
10.489,-0.078125
10.494,0.35156
10.499,-0.28906
10.504,0.03125
10.509,0.0078125
10.514,-0.070312
10.519,0.046875
10.524,0.070312
10.529,-0.15625
10.534,-0.25781
10.539,0.35156
10.544,-0.039062
10.549,0.09375
10.554,-0.054688
10.559,-0.22656
10.564,0.0078125
10.569,0.078125
10.574,-0.10938
10.579,0.125
10.584,0.0625
10.589,-0.09375
10.594,-0.078125
10.599,0.015625
10.604,-0.070312
10.609,0.023438
10.614,0.14062
10.619,0.0078125
10.624,-0.14062
10.629,-0.039062
10.634,-0.023438
10.639,-0.14062
10.644,0.1875
10.649,0.39844
10.654,-0.57031
10.659,0.21875
10.664,0.26562
10.669,-0.03125
10.674,0.41406
10.679,-0.57031
10.684,0
10.689,0.58594
10.694,-0.35156
10.699,-0.77344
10.704,0.65625
10.709,-0.78906
10.714,0.63281
10.719,0.25
10.724,-1
10.729,0.42188
10.734,-0.42969
10.739,0.085938
10.744,0.77344
10.749,0.26562
10.754,-0.60156
10.759,-0.55469
10.764,-0.1875
10.769,0.49219
10.774,0.0078125
10.779,-0.09375
10.784,-0.15625
10.789,-0.46094
10.794,0.17969
10.799,0.375
10.804,-0.21875
10.809,-0.15625
10.814,0.24219
10.819,-0.0625
10.824,-0.039062
10.829,-0.023438
10.834,-0.070312
10.839,0.27344
10.844,-0.14062
10.849,-0.085938
10.854,-0.015625
10.859,0.19531
10.864,0.09375
10.869,-0.28125
10.874,0.10156
10.879,0.10156
10.884,-0.10156
10.889,-0.023438
10.894,-0.11719
10.899,0.070312
10.904,-0.125
10.909,0.14844
10.914,0.070312
10.919,-0.14062
10.924,0.10938
10.929,-0.039062
10.934,0.0625
10.939,0.16406
10.944,-0.046875
10.949,-0.28125
10.954,0.054688
10.959,-0.023438
10.964,0.0625
10.969,0
10.974,-0.09375
10.979,-0.023438
10.984,0
10.989,0.13281
10.994,-0.085938
10.999,0.070312
11.004,-0.21094
11.009,0.0078125
11.014,0.17969
11.019,0.015625
11.024,0.085938
11.029,-0.32812
11.034,-0.0078125
11.039,0.078125
11.044,0.03125
11.049,0.13281
11.054,0.015625
11.059,0.10938
11.064,0.03125
11.069,-0.023438
11.074,-0.078125
11.079,0.13281
11.084,-0.09375
11.089,-0.15625
11.094,0.10156
11.099,-0.078125
11.104,0.039062
11.109,0.0078125
11.114,-0.046875
11.119,0.039062
11.124,-0.039062
11.129,-0.078125
11.134,0.03125
11.139,-0.03125
11.144,-0.14844
11.149,-0.015625
11.154,-0.17188
11.159,0.29688
11.164,-0.38281
11.169,0.3125
11.174,0.0625
11.179,-0.49219
11.184,-0.1875
11.189,0.4375
11.194,-0.15625
11.199,0.50781
11.204,-0.15625
11.209,-0.13281
11.214,0.42969
11.219,-0.64062
11.224,-0.75
11.229,0.39062
11.234,0.44531
11.239,0.80469
11.244,-0.51562
11.249,-0.039062
11.254,-1
11.259,0.21875
11.264,0.5
11.269,-0.34375
11.274,-0.47656
11.279,-0.9375
11.284,-0.0078125
11.289,-0.14062
11.294,0.69531
11.299,-0.21094
11.304,0.14062
11.309,-0.38281
11.314,0.125
11.319,0.21094
11.324,0.023438
11.329,0.054688
11.334,-0.046875
11.339,-0.22656
11.344,0.25781
11.349,-0.085938
11.354,-0.054688
11.359,-0.0078125
11.364,0.24219
11.369,-0.0625
11.374,-0.10938
11.379,-0.023438
11.384,0.10938
11.389,-0.11719
11.394,0.0078125
11.399,-0.11719
11.404,0.10156
11.409,0.023438
11.414,-0.22656
11.419,0.10938
11.424,0.14844
11.429,0.21094
11.434,-0.17969
11.439,-0.10938
11.444,0.085938
11.449,-0.29688
11.454,-0.22656
11.459,-0.13281
11.464,0.42969
11.469,0.50781
11.474,-0.72656
11.479,0.0625
11.484,0.19531
11.489,0.25
11.494,0.28906
11.499,0
11.504,-0.16406
11.509,-0.36719
11.514,0.070312
11.519,0.47656
11.524,-0.32812
11.529,-0.0078125
11.534,-0.0625
11.539,-0.11719
11.544,0.03125
11.549,-0.078125
11.554,0.10156
11.559,0.039062
11.564,-0.09375
11.569,-0.13281
11.574,0.40625
11.579,-0.21094
11.584,-0.19531
11.589,0.09375
11.594,0.070312
11.599,-0.046875
11.604,-0.0078125
11.609,-0.28125
11.614,0.19531
11.619,0.0625
11.624,0.20312
11.629,-0.51562
11.634,0.35938
11.639,-0.3125
11.644,-0.29688
11.649,0.48438
11.654,0.0078125
11.659,-0.34375
11.664,-0.65625
11.669,0.46875
11.674,-0.47656
11.679,0.023438
11.684,0.72656
11.689,-0.94531
11.694,0.8125
11.699,0.17188
11.704,0.25781
11.709,0.14844
11.714,-0.71875
11.719,-0.19531
11.724,0.76562
11.729,0.10156
11.734,-0.52344
11.739,0.14844
11.744,-0.44531
11.749,-0.23438
11.754,-0.21875
11.759,-0.41406
11.764,0.64844
11.769,-0.54688
11.774,0.21094
11.779,0.45312
11.784,-0.625
11.789,-0.039062
11.794,0.33594
11.799,0.039062
11.804,-0.38281
11.809,0.25781
11.814,0.14844
11.819,-0.16406
11.824,-0.16406
11.829,0.25
11.834,-0.16406
11.839,-0.023438
11.844,0.046875
11.849,0.085938
11.854,-0.070312
11.859,0.10938
11.864,0.03125
11.869,-0.24219
11.874,0.03125
11.879,0.15625
11.884,-0.24219
11.889,0.13281
11.894,0.023438
11.899,-0.16406
11.904,-0.0625
11.909,0.125
11.914,-0.085938
11.919,0.0625
11.924,-0.0078125
11.929,0.03125
11.934,-0.078125
11.939,0.054688
11.944,-0.11719
11.949,-0.0078125
11.954,0.14062
11.959,-0.015625
11.964,-0.13281
11.969,-0.16406
11.974,-0.046875
11.979,0.1875
11.984,-0.054688
11.989,-0.039062
11.994,-0.15625
11.999,-0.085938
12.004,0.10156
12.009,0.03125
12.014,0.085938
12.019,0.015625
12.024,-0.085938
12.029,-0.015625
12.034,0.24219
12.039,-0.20312
12.044,-0.0078125
12.049,0.03125
12.054,0.375
12.059,0.023438
12.064,0.015625
12.069,0.070312
12.074,-0.26562
12.079,0.22656
12.084,-0.039062
12.089,-0.085938
12.094,-0.054688
12.099,-0.14062
12.104,0.070312
12.109,0.10938
12.114,-0.070312
12.119,-0.1875
12.124,-0.09375
12.129,-0.039062
12.134,0.23438
12.139,-0.25
12.144,0.17188
12.149,-0.17188
12.154,-0.17188
12.159,0.085938
12.164,0.023438
12.169,0.13281
12.174,-0.078125
12.179,0.015625
12.184,-0.0078125
12.189,0.023438
12.194,-0.039062
12.199,-0.09375
12.204,0.046875
12.209,0.13281
12.214,-0.023438
12.219,-0.015625
12.224,-0.023438
12.229,-0.078125
12.234,0.046875
12.239,-0.078125
12.244,-0.09375
12.249,-0.046875
12.254,-0.039062
12.259,0.054688
12.264,-0.0625
12.269,0.015625
12.274,-0.17188
12.279,0.17188
12.284,-0.046875
12.289,-0.015625
12.294,-0.023438
12.299,0.023438
12.304,0.023438
12.309,-0.046875
12.314,-0.0625
12.319,-0.03125
12.324,0.039062
12.329,-0.085938
12.334,0.03125
12.339,0.023438
12.344,-0.023438
12.349,-0.054688
12.354,0.023438
12.359,0.023438
12.364,-0.070312
12.369,-0.0078125
12.374,0.03125
12.379,-0.03125
12.384,0
12.389,-0.03125
12.394,-0.03125
12.399,-0.023438
12.404,-0.015625
12.409,0.015625
12.414,0.015625
12.419,-0.03125
12.424,-0.015625
12.429,0.023438
12.434,0.03125
12.439,-0.14844
12.444,-0.015625
12.449,-0.039062
12.454,0.046875
12.459,0.015625
12.464,0.023438
12.469,0.015625
12.474,-0.039062
12.479,0.0625
12.484,-0.11719
12.489,-0.03125
12.494,0.023438
12.499,0.09375
12.504,-0.14844
12.509,-0.03125
12.514,0.015625
12.519,0.25781
12.524,0.15625
12.529,-0.17188
12.534,-0.046875
12.539,-0.09375
12.544,-0.085938
12.549,0.023438
12.554,0.046875
12.559,0.054688
12.564,-0.03125
12.569,-0.0625
12.574,0.14062
12.579,-0.17969
12.584,0.046875
12.589,0.20312
12.594,-0.015625
12.599,-0.375
12.604,-0.21094
12.609,0.16406
12.614,0.32812
12.619,-0.125
12.624,-0.125
12.629,-0.20312
12.634,-0.039062
12.639,0.16406
12.644,-0.13281
12.649,0.19531
12.654,-0.11719
12.659,0.0078125
12.664,0.10156
12.669,-0.0078125
12.674,-0.24219
12.679,-0.078125
12.684,0.35156
12.689,-0.13281
12.694,-0.16406
12.699,0.039062
12.704,-0.63281
12.709,0.8125
12.714,0.054688
12.719,0.085938
12.724,-0.039062
12.729,-0.5625
12.734,0.11719
12.739,0.19531
12.744,0.1875
12.749,-0.023438
12.754,-0.4375
12.759,-0.125
12.764,0.625
12.769,0.45312
12.774,0.15625
12.779,-0.35156
12.784,-0.20312
12.789,-0.19531
12.794,0.03125
12.799,0.023438
12.804,0.015625
12.809,-0.17969
12.814,-0.054688
12.819,0.0078125
12.824,-0.03125
12.829,-0.03125
12.834,0.11719
12.839,0
12.844,0.085938
12.849,-0.078125
12.854,-0.054688
12.859,0.039062
12.864,-0.070312
12.869,0.015625
12.874,-0.070312
12.879,0.20312
12.884,-0.0625
12.889,0.14844
12.894,-0.125
12.899,-0.0078125
12.904,0
12.909,-0.085938
12.914,0.015625
12.919,-0.070312
12.924,0.023438
12.929,-0.13281
12.934,-0.70312
12.939,0.33594
12.944,0.10938
12.949,-0.039062
12.954,-0.023438
12.959,-0.25
12.964,-0.039062
12.969,-0.039062
12.974,0.09375
12.979,0
12.984,0.039062
12.989,-0.19531
12.994,0.19531
12.999,0.023438
13.004,0.046875
13.009,0.070312
13.014,0.070312
13.019,-0.070312
13.024,-0.10156
13.029,-0.09375
13.034,0.13281
13.039,0.0078125
13.044,-0.03125
13.049,-0.125
13.054,0.046875
13.059,-0.09375
13.064,-0.023438
13.069,0.085938
13.074,0.015625
13.079,0
13.084,0.023438
13.089,-0.046875
13.094,0.0078125
13.099,0.015625
13.104,0
13.109,-0.0078125
13.114,-0.30469
13.119,-0.11719
13.124,-0.25
13.129,0.58594
13.134,0.13281
13.139,-0.25
13.144,0.64844
13.149,-0.32812
13.154,-0.0625
13.159,0
13.164,-0.28125
13.169,-0.070312
13.174,0.085938
13.179,-0.8125
13.184,0.5625
13.189,0.10938
13.194,-0.17188
13.199,0.11719
13.204,-0.41406
13.209,-0.375
13.214,0.4375
13.219,0.17969
13.224,-0.33594
13.229,-0.09375
13.234,0.36719
13.239,0.17188
13.244,0.11719
13.249,-0.10938
13.254,-0.24219
13.259,0.21094
13.264,-0.17969
13.269,-0.11719
13.274,0.0078125
13.279,-0.20312
13.284,0.65625
13.289,0.25
13.294,-0.57031
13.299,-0.33594
13.304,0.53125
13.309,-0.64844
13.314,-0.14844
13.319,-0.89062
13.324,-0.26562
13.329,0.70312
13.334,-0.4375
13.339,0.99219
13.344,0.58594
13.349,-0.48438
13.354,-0.64062
13.359,-0.46875
13.364,-0.34375
13.369,-0.38281
13.374,0.27344
13.379,0.40625
13.384,-1
13.389,0.75781
13.394,-0.46094
13.399,0.57812
13.404,0.35156
13.409,-0.36719
13.414,-0.26562
13.419,0.0625
13.424,0.25
13.429,0.34375
13.434,-0.60156
13.439,0.46875
13.444,-1
13.449,0.72656
13.454,-0.16406
13.459,0.54688
13.464,-0.17969
13.469,-0.95312
13.474,0.97656
13.479,-0.77344
13.484,-0.25
13.489,0.070312
13.494,-0.0625
13.499,-0.55469
13.504,0.10938
13.509,-0.42969
13.514,0.5
13.519,-0.15625
13.524,0.17188
13.529,-0.24219
13.534,0.17969
13.539,-0.09375
13.544,0.53125
13.549,-0.21875
13.554,0.39062
13.559,0.25
13.564,-0.33594
13.569,-0.25
13.574,0.17188
13.579,-0.27344
13.584,0.10156
13.589,0.13281
13.594,-0.17969
13.599,0.10156
13.604,-0.054688
13.609,-0.0625
13.614,-0.015625
13.619,0.10156
13.624,-0.17969
13.629,0.078125
13.634,0.26562
13.639,-0.085938
13.644,-0.085938
13.649,0.023438
13.654,-0.0078125
13.659,-0.14844
13.664,-0.046875
13.669,0.14844
13.674,-0.15625
13.679,-0.0078125
13.684,0.10156
13.689,0.10938
13.694,-0.046875
13.699,-0.0625
13.704,-0.023438
13.709,0.046875
13.714,0
13.719,-0.046875
13.724,0.0625
13.729,-0.015625
13.734,-0.0078125
13.739,-0.070312
13.744,-0.14062
13.749,0.17969
13.754,-0.17969
13.759,-0.046875
13.764,0.125
13.769,-0.03125
13.774,0.078125
13.779,0.14062
13.784,-0.14062
13.789,-0.30469
13.794,-0.11719
13.799,-0.10156
13.804,0.14062
13.809,-0.10156
13.814,-0.070312
13.819,0.10156
13.824,-0.4375
13.829,0.09375
13.834,0.25
13.839,0.054688
13.844,0.45312
13.849,-0.19531
13.854,-0.10938
13.859,-0.09375
13.864,-0.0625
13.869,-0.23438
13.874,0.21875
13.879,-0.0625
13.884,-0.14844
13.889,0.13281
13.894,-0.125
13.899,-0.09375
13.904,0.125
13.909,0.13281
13.914,-0.0625
13.919,-0.039062
13.924,0.015625
13.929,0.20312
13.934,-0.023438
13.939,-0.015625
13.944,-0.078125
13.949,-0.0625
13.954,-0.0625
13.959,0.125
13.964,-0.11719
13.969,0.10156
13.974,0.023438
13.979,0.0078125
13.984,-0.17969
13.989,0.039062
13.994,0.0625
13.999,-0.10156
14.004,0.078125
14.009,0.0078125
14.014,-0.125
14.019,0.015625
14.024,0.070312
14.029,-0.015625
14.034,-0.078125
14.039,0.14062
14.044,-0.0078125
14.049,-0.14844
14.054,0.070312
14.059,0.0625
14.064,-0.039062
14.069,0.11719
14.074,-0.09375
14.079,-0.14844
14.084,-0.078125
14.089,0.078125
14.094,0.10156
14.099,-0.3125
14.104,0.0078125
14.109,0.070312
14.114,-0.046875
14.119,0.22656
14.124,-0.023438
14.129,-0.38281
14.134,0.09375
14.139,0.15625
14.144,-0.070312
14.149,0.10156
14.154,0.03125
14.159,-0.21875
14.164,0.78125
14.169,-0.47656
14.174,-0.5
14.179,0.5625
14.184,-0.30469
14.189,0.5625
14.194,0.19531
14.199,-0.29688
14.204,0.64062
14.209,-0.42188
14.214,-0.22656
14.219,-0.54688
14.224,-0.70312
14.229,0.15625
14.234,0.4375
14.239,0.71094
14.244,-0.039062
14.249,0.35156
14.254,-0.98438
14.259,-0.125
14.264,0.015625
14.269,-0.41406
14.274,-0.27344
14.279,0.24219
14.284,0.10156
14.289,0.46094
14.294,0.054688
14.299,-1
14.304,0.44531
14.309,-0.03125
14.314,0.070312
14.319,0.015625
14.324,0.15625
14.329,-0.47656
14.334,0.10156
14.339,-0.35156
14.344,-0.23438
14.349,-0.023438
14.354,0.17969
14.359,0.21094
14.364,-0.53906
14.369,0.0078125
14.374,0.16406
14.379,0.15625
14.384,-0.21094
14.389,-0.13281
14.394,0.10156
14.399,-0.039062
14.404,-0.09375
14.409,0.085938
14.414,0.085938
14.419,0.13281
14.424,-0.125
14.429,-0.023438
14.434,0.085938
14.439,-0.039062
14.444,0.03125
14.449,0.015625
14.454,-0.03125
14.459,0.085938
14.464,-0.17188
14.469,0.039062
14.474,-0.0078125
14.479,0.03125
14.484,-0.023438
14.489,-0.023438
14.494,0.015625
14.499,-0.023438
14.504,-0.10156
14.509,0.09375
14.514,-0.054688
14.519,0.054688
14.524,-0.1875
14.529,0.23438
14.534,-0.03125
14.539,-0.054688
14.544,-0.47656
14.549,0.09375
14.554,0.66406
14.559,-0.33594
14.564,-0.25781
14.569,-0.41406
14.574,-0.42188
14.579,-0.03125
14.584,0.64844
14.589,0.66406
14.594,0.19531
14.599,-0.054688
14.604,-0.34375
14.609,-0.085938
14.614,-0.3125
14.619,0.10156
14.624,0.10938
14.629,0.078125
14.634,-0.27344
14.639,0.03125
14.644,0.125
14.649,-0.36719
14.654,-0.070312
14.659,0.10938
14.664,-0.015625
14.669,-0.19531
14.674,0.0625
14.679,0.17188
14.684,0.023438
14.689,-0.078125
14.694,0
14.699,-0.054688
14.704,0.03125
14.709,-0.023438
14.714,-0.023438
14.719,-0.070312
14.724,-0.023438
14.729,0.078125
14.734,0.023438
14.739,-0.0078125
14.744,-0.054688
14.749,0.023438
14.754,0.046875
14.759,0
14.764,0.023438
14.769,-0.039062
14.774,0.015625
14.779,-0.078125
14.784,-0.0078125
14.789,-0.046875
14.794,-0.03125
14.799,-0.085938
14.804,0.039062
14.809,-0.13281
14.814,0
14.819,0.046875
14.824,-0.03125
14.829,-0.070312
14.834,-0.21094
14.839,0.085938
14.844,0.0625
14.849,-0.0625
14.854,0.25781
14.859,-0.10938
14.864,-0.125
14.869,0.085938
14.874,0.1875
14.879,0.11719
14.884,0.039062
14.889,-0.16406
14.894,-0.4375
14.899,-0.19531
14.904,0.15625
14.909,0.023438
14.914,0.23438
14.919,0.09375
14.924,-0.33594
14.929,-0.023438
14.934,-0.30469
14.939,0.16406
14.944,0.35156
14.949,0.039062
14.954,-0.10156
14.959,-0.30469
14.964,-0.25781
14.969,0.30469
14.974,0.21094
14.979,-0.0625
14.984,0.0625
14.989,-0.25
14.994,-0.046875
14.999,0.046875
15.004,-0.27344
15.009,0.39062
15.014,0.070312
15.019,0.14844
15.024,0
15.029,0.09375
15.034,-0.14062
15.039,-0.17188
15.044,0.046875
15.049,-0.15625
15.054,-0.054688
15.059,0.046875
15.064,0.16406
15.069,-0.023438
15.074,-0.023438
15.079,0.046875
15.084,0.054688
15.089,-0.039062
15.094,0.16406
15.099,0.03125
15.104,-0.10156
15.109,-0.27344
15.114,0.054688
15.119,-0.16406
15.124,0.070312
15.129,0.21875
15.134,0.0625
15.139,-0.0625
15.144,-0.23438
15.149,0.039062
15.154,-0.14844
15.159,0.32031
15.164,-0.085938
15.169,0
15.174,-0.09375
15.179,-0.17969
15.184,0.375
15.189,-0.10938
15.194,0.10938
15.199,-0.0625
15.204,-0.26562
15.209,-0.19531
15.214,0.0625
15.219,-0.046875
15.224,0.375
15.229,0.023438
15.234,-0.125
15.239,0.26562
15.244,-0.1875
15.249,-0.16406
15.254,0.34375
15.259,-0.17969
15.264,0
15.269,-0.28906
15.274,0.17969
15.279,0.125
15.284,0.046875
15.289,0.15625
15.294,-0.3125
15.299,0.046875
15.304,-0.039062
15.309,-0.125
15.314,-0.054688
15.319,0.125
15.324,0.0078125
15.329,0.085938
15.334,0
15.339,-0.17188
15.344,-0.046875
15.349,0.09375
15.354,-0.070312
15.359,0.0078125
15.364,0.046875
15.369,0.070312
15.374,-0.125
15.379,-0.023438
15.384,-0.03125
15.389,0.13281
15.394,-0.078125
15.399,-0.03125
15.404,0.10156
15.409,-0.23438
15.414,0.078125
15.419,-0.023438
15.424,0.039062
15.429,0.039062
15.434,-0.054688
15.439,-0.15625
15.444,-0.023438
15.449,-0.0625
15.454,0
15.459,0.0625
15.464,-0.078125
15.469,0.023438
15.474,0.023438
15.479,-0.03125
15.484,-0.070312
15.489,0.14062
15.494,0.023438
15.499,0.046875
15.504,-0.054688
15.509,-0.015625
15.514,0.0078125
15.519,0.023438
15.524,-0.023438
15.529,0.0078125
15.534,0
15.539,-0.03125
15.544,0.015625
15.549,-0.023438
15.554,-0.0078125
15.559,0
15.564,0.03125
15.569,0.0078125
15.574,-0.015625
15.579,0.023438
15.584,0
15.589,-0.046875
15.594,0.0078125
15.599,0.0625
15.604,-0.015625
15.609,0.03125
15.614,-0.046875
15.619,-0.023438
15.624,0.0625
15.629,0.023438
15.634,0.03125
15.639,-0.023438
15.644,-0.054688
15.649,-0.023438
15.654,0.0078125
15.659,-0.03125
15.664,0.023438
15.669,-0.023438
15.674,-0.015625
15.679,-0.039062
15.684,-0.0078125
15.689,-0.023438
15.694,-0.0625
15.699,0.039062
15.704,-0.0625
15.709,-0.023438
15.714,0.0078125
15.719,0.10938
15.724,0.078125
15.729,-0.023438
15.734,-0.10938
15.739,-0.03125
15.744,-0.085938
15.749,0.125
15.754,0.046875
15.759,-0.10938
15.764,-0.015625
15.769,-0.03125
15.774,-0.046875
15.779,0.0078125
15.784,0
15.789,-0.023438
15.794,0.03125
15.799,0
15.804,-0.015625
15.809,-0.0078125
15.814,-0.0078125
15.819,-0.023438
15.824,0.039062
15.829,-0.11719
15.834,0.125
15.839,0
15.844,0
15.849,-0.015625
15.854,-0.046875
15.859,0
15.864,-0.03125
15.869,0.015625
15.874,-0.054688
15.879,0.039062
15.884,-0.046875
15.889,0.039062
15.894,-0.023438
15.899,-0.039062
15.904,0
15.909,0.015625
15.914,0.039062
15.919,-0.039062
15.924,0.023438
15.929,-0.046875
15.934,-0.015625
15.939,-0.03125
15.944,0
15.949,-0.015625
15.954,0.015625
15.959,-0.0625
15.964,-0.023438
15.969,0
15.974,-0.023438
15.979,0.0078125
15.984,0
15.989,0
15.994,-0.039062
15.999,-0.023438
16.004,0.0078125
16.009,-0.023438
16.014,-0.0078125
16.019,-0.0078125
16.024,-0.03125
16.029,0.015625
16.034,0.0078125
16.039,0
16.044,-0.0078125
16.049,0.023438
16.054,0.023438
16.059,-0.0078125
16.064,0.0078125
16.069,-0.023438
16.074,-0.03125
16.079,0.0078125
16.084,0
16.089,-0.023438
16.094,0.015625
16.099,-0.0078125
16.104,-0.046875
16.109,0.0078125
16.114,0.023438
16.119,0.0078125
16.124,0.0078125
16.129,-0.078125
16.134,-0.03125
16.139,-0.03125
16.144,0
16.149,0
16.154,-0.023438
16.159,0.0078125
16.164,0
16.169,0.015625
16.174,0
16.179,0
16.184,-0.023438
16.189,-0.023438
16.194,0
16.199,-0.023438
16.204,0.023438
16.209,-0.0078125
16.214,0
16.219,0.0078125
16.224,-0.023438
16.229,-0.03125
16.234,0
16.239,-0.0078125
16.244,-0.015625
16.249,0.046875
16.254,-0.03125
16.259,0.0078125
16.264,0.039062
16.269,0.054688
16.274,-0.023438
16.279,-0.015625
16.284,-0.039062
16.289,0.015625
16.294,-0.03125
16.299,-0.015625
16.304,-0.023438
16.309,-0.4375
16.314,0.015625
16.319,-0.21875
16.324,0.1875
16.329,-0.03125
16.334,-0.80469
16.339,0.69531
16.344,-0.20312
16.349,-0.085938
16.354,0.42188
16.359,-0.5625
16.364,-0.24219
16.369,0.35938
16.374,0.15625
16.379,-0.015625
16.384,0.039062
16.389,-0.24219
16.394,0.078125
16.399,-0.0078125
16.404,-0.1875
16.409,0.0078125
16.414,0.29688
16.419,0.14062
16.424,-0.085938
16.429,-0.03125
16.434,-0.27344
16.439,0.1875
16.444,0.078125
16.449,0.0078125
16.454,-0.078125
16.459,-0.0625
16.464,-0.054688
16.469,0.125
16.474,0.14844
16.479,-0.11719
16.484,0.03125
16.489,-0.078125
16.494,0.0625
16.499,-0.015625
16.504,0
16.509,-0.03125
16.514,0.28906
16.519,-0.17969
16.524,0.23438
16.529,-0.070312
16.534,-0.0078125
16.539,-0.085938
16.544,0.085938
16.549,-0.125
16.554,-0.03125
16.559,-0.078125
16.564,0.070312
16.569,0.015625
16.574,-0.09375
16.579,-0.16406
16.584,-0.33594
16.589,0.054688
16.594,0.070312
16.599,0.25781
16.604,0.21875
16.609,-0.046875
16.614,-0.23438
16.619,-0.39844
16.624,-0.085938
16.629,-0.015625
16.634,0.03125
16.639,-0.13281
16.644,0.023438
16.649,0.4375
16.654,-0.039062
16.659,-0.52344
16.664,0.22656
16.669,0.17188
16.674,0.023438
16.679,0.19531
16.684,-0.50781
16.689,-0.054688
16.694,0.10156
16.699,0.30469
16.704,0.09375
16.709,-0.03125
16.714,-0.21094
16.719,0.11719
16.724,0.039062
16.729,-0.09375
16.734,-0.13281
16.739,0.33594
16.744,0.14844
16.749,-0.023438
16.754,-0.078125
16.759,-0.19531
16.764,-0.023438
16.769,0.10156
16.774,-0.03125
16.779,-0.03125
16.784,-0.25
16.789,0.085938
16.794,0.24219
16.799,0.015625
16.804,0.023438
16.809,-0.10938
16.814,-0.15625
16.819,0.023438
16.824,0.0625
16.829,-0.1875
16.834,0.10156
16.839,0.015625
16.844,0.070312
16.849,-0.03125
16.854,-0.09375
16.859,0.046875
16.864,0
16.869,-0.039062
16.874,-0.10156
16.879,0.078125
16.884,0.023438
16.889,-0.0625
16.894,0.015625
16.899,0.039062
16.904,-0.054688
16.909,0.0078125
16.914,0.03125
16.919,-0.023438
16.924,-0.046875
16.929,0.03125
16.934,0.023438
16.939,-0.070312
16.944,-0.039062
16.949,0.078125
16.954,-0.054688
16.959,-0.13281
16.964,0.039062
16.969,0.20312
16.974,0.023438
16.979,0.070312
16.984,-0.039062
16.989,-0.10938
16.994,-0.078125
16.999,-0.0078125
17.004,0.0078125
17.009,0
17.014,-0.11719
17.019,0.14062
17.024,-0.039062
17.029,-0.085938
17.034,0.10938
17.039,-0.039062
17.044,0.0078125
17.049,-0.070312
17.054,0.10156
17.059,-0.0625
17.064,-0.03125
17.069,-0.0078125
17.074,0.0078125
17.079,-0.039062
17.084,0
17.089,-0.13281
17.094,0.11719
17.099,-0.15625
17.104,0.23438
17.109,0.023438
17.114,-0.070312
17.119,0.039062
17.124,-0.19531
17.129,0.039062
17.134,-0.14844
17.139,0.21094
17.144,-0.13281
17.149,0.070312
17.154,-0.15625
17.159,-0.16406
17.164,0.11719
17.169,-0.1875
17.174,0.0625
17.179,0.015625
17.184,0.015625
17.189,0.09375
17.194,0
17.199,-0.078125
17.204,-0.085938
17.209,-0.023438
17.214,0.27344
17.219,0.070312
17.224,-0.078125
17.229,-0.023438
17.234,-0.1875
17.239,-0.14844
17.244,0.49219
17.249,0.015625
17.254,0.078125
17.259,-0.25
17.264,0.09375
17.269,0.125
17.274,0.10156
17.279,0.125
17.284,-0.42188
17.289,-0.085938
17.294,0.039062
17.299,0.078125
17.304,-0.09375
17.309,0.27344
17.314,0.039062
17.319,-0.19531
17.324,0.10938
17.329,-0.10938
17.334,-0.078125
17.339,0.17969
17.344,-0.14062
17.349,-0.1875
17.354,-0.09375
17.359,-0.085938
17.364,0.03125
17.369,0.054688
17.374,-0.32031
17.379,0.20312
17.384,0.34375
17.389,-0.10938
17.394,-0.10156
17.399,-0.0625
17.404,-0.085938
17.409,-0.078125
17.414,-0.0625
17.419,0.023438
17.424,0.21094
17.429,0.0625
17.434,-0.29688
17.439,0.3125
17.444,-0.21875
17.449,0.0078125
17.454,0.085938
17.459,-0.023438
17.464,-0.125
17.469,0.09375
17.474,0.14062
17.479,-0.13281
17.484,-0.085938
17.489,-0.0078125
17.494,0.039062
17.499,0.054688
17.504,0.070312
17.509,-0.10156
17.514,0.03125
17.519,0
17.524,-0.023438
17.529,-0.14062
17.534,0.054688
17.539,-0.070312
17.544,0.070312
17.549,0.17188
17.554,0.070312
17.559,-0.015625
17.564,-0.070312
17.569,-0.0078125
17.574,0.10938
17.579,0.023438
17.584,0.03125
17.589,-0.10156
17.594,0.0625
17.599,-0.078125
17.604,-0.0625
17.609,0.039062
17.614,-0.03125
17.619,0.023438
17.624,-0.14844
17.629,0.125
17.634,-0.046875
17.639,0.039062
17.644,-0.03125
17.649,-0.0078125
17.654,-0.09375
17.659,-0.054688
17.664,0.046875
17.669,0.023438
17.674,0.039062
17.679,-0.10156
17.684,-0.054688
17.689,0.03125
17.694,0.10156
17.699,0.0078125
17.704,-0.046875
17.709,-0.11719
17.714,-0.03125
17.719,0.13281
17.724,-0.03125
17.729,-0.0078125
17.734,-0.023438
17.739,-0.13281
17.744,-0.0625
17.749,-0.10156
17.754,0.09375
17.759,-0.0078125
17.764,0.054688
17.769,-0.1875
17.774,0.0078125
17.779,0.0625
17.784,0.21875
17.789,0.039062
17.794,-0.125
17.799,-0.34375
17.804,0.023438
17.809,0.16406
17.814,-0.0078125
17.819,0.046875
17.824,-0.21094
17.829,-0.0625
17.834,-0.25781
17.839,0.21875
17.844,0.14062
17.849,0.16406
17.854,-0.03125
17.859,-0.125
17.864,-0.046875
17.869,-0.046875
17.874,-0.41406
17.879,-0.085938
17.884,0.60156
17.889,-0.15625
17.894,0.39844
17.899,-0.023438
17.904,-0.25
17.909,0.14844
17.914,0.1875
17.919,-0.023438
17.924,-0.10156
17.929,-0.070312
17.934,-0.070312
17.939,0.10156
17.944,-0.10156
17.949,-0.25781
17.954,0.070312
17.959,0.039062
17.964,0.27344
17.969,0.22656
17.974,-0.39844
17.979,0.046875
17.984,0.22656
17.989,-0.25781
17.994,0.20312
17.999,-0.28906
18.004,-0.054688
18.009,-0.070312
18.014,-0.38281
18.019,-0.25
18.024,0.17969
18.029,0.32031
18.034,0.09375
18.039,0.10938
18.044,-0.39844
18.049,-0.09375
18.054,0.070312
18.059,0.24219
18.064,0.16406
18.069,-0.0078125
18.074,0.085938
18.079,0.17969
18.084,-0.41406
18.089,0.11719
18.094,-0.078125
18.099,0.10156
18.104,-0.015625
18.109,0.023438
18.114,-0.11719
18.119,-0.25781
18.124,0.17969
18.129,-0.0625
18.134,0.41406
18.139,-0.10156
18.144,-0.19531
18.149,-0.078125
18.154,-0.046875
18.159,-0.14062
18.164,0.36719
18.169,0.10156
18.174,-0.22656
18.179,0.0078125
18.184,-0.1875
18.189,0.09375
18.194,0.32812
18.199,-0.22656
18.204,-0.10156
18.209,-0.17188
18.214,0.125
18.219,0.125
18.224,-0.20312
18.229,-0.10156
18.234,0.046875
18.239,-0.09375
18.244,-0.15625
18.249,-0.015625
18.254,-0.046875
18.259,0.078125
18.264,-0.085938
18.269,-0.0078125
18.274,0.17188
18.279,0.046875
18.284,0.078125
18.289,0.046875
18.294,-0.10938
18.299,0.09375
18.304,-0.15625
18.309,0.078125
18.314,-0.42188
18.319,0.22656
18.324,0.125
18.329,-0.10938
18.334,-0.09375
18.339,0.125
18.344,0.015625
18.349,0.023438
18.354,-0.42188
18.359,0.10156
18.364,0.21094
18.369,-0.15625
18.374,0.3125
18.379,-0.34375
18.384,0.03125
18.389,-0.070312
18.394,-0.0078125
18.399,0
18.404,-0.15625
18.409,0.13281
18.414,0.085938
18.419,-0.0625
18.424,0
18.429,0.015625
18.434,0.023438
18.439,0.14062
18.444,-0.14062
18.449,-0.10938
18.454,-0.03125
18.459,0.039062
18.464,0.039062
18.469,0.0625
18.474,0.078125
18.479,-0.078125
18.484,0.015625
18.489,-0.03125
18.494,0.023438
18.499,0
18.504,-0.085938
18.509,-0.015625
18.514,0.14844
18.519,-0.054688
18.524,-0.11719
18.529,-0.023438
18.534,0.0625
18.539,0.67969
18.544,-0.078125
18.549,-0.03125
18.554,-0.30469
18.559,-0.13281
18.564,0.17188
18.569,-0.11719
18.574,0.039062
18.579,-0.17969
18.584,0.078125
18.589,-0.19531
18.594,0.03125
18.599,-0.14062
18.604,0.28125
18.609,0.21094
18.614,-0.16406
18.619,-0.10938
18.624,-0.125
18.629,-0.0078125
18.634,0.0078125
18.639,-0.11719
18.644,-0.14844
18.649,-0.125
18.654,0.28125
18.659,-0.03125
18.664,0.15625
18.669,0.14062
18.674,-0.039062
18.679,-0.13281
18.684,-0.046875
18.689,0
18.694,0.085938
18.699,0.0078125
18.704,-0.0078125
18.709,0.054688
18.714,-0.015625
18.719,-0.023438
18.724,-0.078125
18.729,-0.14844
18.734,0.25781
18.739,-0.054688
18.744,-0.039062
18.749,0.11719
18.754,-0.30469
18.759,0.023438
18.764,-0.03125
18.769,0.21094
18.774,0.039062
18.779,0.125
18.784,-0.078125
18.789,0
18.794,-0.13281
18.799,0.10938
18.804,-0.078125
18.809,-0.0625
18.814,-0.046875
18.819,-0.054688
18.824,0.039062
18.829,-0.015625
18.834,-0.015625
18.839,0.11719
18.844,-0.054688
18.849,-0.039062
18.854,-0.10156
18.859,0.046875
18.864,0.070312
18.869,-0.023438
18.874,-0.10938
18.879,-0.14844
18.884,-0.0078125
18.889,-0.10156
18.894,0.125
18.899,-0.10938
18.904,-0.03125
18.909,-0.20312
18.914,0.19531
18.919,0.10156
18.924,-0.015625
18.929,0.039062
18.934,-0.24219
18.939,0.0078125
18.944,-0.015625
18.949,0.09375
18.954,0.0078125
18.959,0.078125
18.964,-0.22656
18.969,0.0078125
18.974,0.039062
18.979,-0.070312
18.984,0.078125
18.989,-0.16406
18.994,0.26562
18.999,-0.0625
19.004,-0.046875
19.009,-0.023438
19.014,-0.078125
19.019,-0.03125
19.024,-0.015625
19.029,0.078125
19.034,0.054688
19.039,0.015625
19.044,-0.0078125
19.049,0.09375
19.054,-0.0078125
19.059,-0.054688
19.064,0.0625
19.069,0.023438
19.074,-0.078125
19.079,0.03125
19.084,-0.023438
19.089,0.03125
19.094,-0.039062
19.099,-0.023438
19.104,-0.0078125
19.109,0
19.114,0.046875
19.119,-0.09375
19.124,0.046875
19.129,0.070312
19.134,-0.039062
19.139,0.046875
19.144,0.03125
19.149,0
19.154,-0.0078125
19.159,-0.046875
19.164,-0.085938
19.169,0.10156
19.174,0.046875
19.179,0.039062
19.184,-0.015625
19.189,0.054688
19.194,-0.03125
19.199,0.054688
19.204,-0.046875
19.209,-0.14844
19.214,-0.0625
19.219,0.046875
19.224,0.015625
19.229,0
19.234,-0.054688
19.239,-0.023438
19.244,0.015625
19.249,-0.15625
19.254,0.0078125
19.259,0.23438
19.264,-0.0078125
19.269,0.023438
19.274,0.0078125
19.279,-0.11719
19.284,0.039062
19.289,-0.21875
19.294,0.13281
19.299,-0.21875
19.304,0.09375
19.309,-0.015625
19.314,0.015625
19.319,-0.085938
19.324,-0.023438
19.329,0.070312
19.334,-0.046875
19.339,0.023438
19.344,-0.03125
19.349,0.015625
19.354,-0.03125
19.359,-0.0625
19.364,-0.0078125
19.369,-0.023438
19.374,-0.125
19.379,0.10938
19.384,-0.03125
19.389,-0.13281
19.394,0.15625
19.399,0.125
19.404,0.32812
19.409,-0.17969
19.414,0.046875
19.419,-0.35156
19.424,0.046875
19.429,0.15625
19.434,-0.125
19.439,0.085938
19.444,-0.25781
19.449,-0.054688
19.454,0.0625
19.459,-0.023438
19.464,-0.070312
19.469,0.03125
19.474,0.085938
19.479,-0.09375
19.484,0.125
19.489,-0.015625
19.494,-0.125
19.499,0.054688
19.504,-0.0078125
19.509,0.046875
19.514,-0.054688
19.519,-0.015625
19.524,-0.13281
19.529,0.03125
19.534,0.03125
19.539,0.023438
19.544,-0.03125
19.549,0.046875
19.554,-0.023438
19.559,0
19.564,0.023438
19.569,0.023438
19.574,-0.0625
19.579,-0.03125
19.584,-0.0078125
19.589,0.023438
19.594,-0.015625
19.599,-0.070312
19.604,0.015625
19.609,-0.0078125
19.614,-0.0078125
19.619,0.09375
19.624,-0.046875
19.629,0.023438
19.634,-0.015625
19.639,0.054688
19.644,-0.11719
19.649,0.03125
19.654,-0.10156
19.659,0
19.664,0.0078125
19.669,-0.09375
19.674,0
19.679,-0.0078125
19.684,-0.03125
19.689,0.039062
19.694,-0.046875
19.699,0.03125
19.704,0.015625
19.709,0.0625
19.714,-0.046875
19.719,-0.03125
19.724,0.03125
19.729,0
19.734,-0.054688
19.739,-0.015625
19.744,0.0078125
19.749,-0.015625
19.754,0.09375
19.759,-0.054688
19.764,-0.070312
19.769,0.054688
19.774,-0.0078125
19.779,-0.023438
19.784,0.015625
19.789,-0.046875
19.794,0.015625
19.799,-0.03125
19.804,-0.0625
19.809,-0.0078125
19.814,0.0625
19.819,0.070312
19.824,0
19.829,-0.039062
19.834,-0.015625
19.839,0.0078125
19.844,0.03125
19.849,-0.070312
19.854,0.13281
19.859,-0.10938
19.864,-0.039062
19.869,0.085938
19.874,-0.046875
19.879,0
19.884,0
19.889,-0.17188
19.894,0.046875
19.899,0.015625
19.904,-0.023438
19.909,0.0078125
19.914,0
19.919,0.0078125
19.924,0.054688
19.929,0.085938
19.934,-0.17969
19.939,-0.070312
19.944,-0.09375
19.949,0.10156
19.954,-0.03125
19.959,0.085938
19.964,0.015625
19.969,-0.0625
19.974,0.03125
19.979,-0.015625
19.984,0.070312
19.989,0.054688
19.994,-0.21094
19.999,-0.078125
20.004,0.13281
20.009,0.0625
20.014,0.10156
