0.023998,0.03125
0.028998,0.0625
0.033998,-0.039062
0.038998,0.015625
0.043998,-0.14062
0.048998,-0.0078125
0.053998,0.023438
0.058998,-0.015625
0.063998,-0.070312
0.068998,0.0625
0.073998,-0.10938
0.078998,0
0.083998,0.03125
0.088998,0
0.093998,0.0078125
0.098998,0.0078125
0.104,-0.085938
0.109,-0.015625
0.114,-0.015625
0.119,-0.0078125
0.124,0.03125
0.129,-0.046875
0.134,0.046875
0.139,-0.023438
0.144,-0.10938
0.149,0.32812
0.154,-0.0625
0.159,-0.03125
0.164,-0.023438
0.169,-0.14062
0.174,0.015625
0.179,0.0078125
0.184,-0.046875
0.189,-0.0078125
0.194,0.03125
0.199,-0.03125
0.204,0.039062
0.209,-0.039062
0.214,-0.023438
0.219,0.015625
0.224,0
0.229,-0.03125
0.234,-0.039062
0.239,0.0078125
0.244,0.0078125
0.249,-0.0625
0.254,-0.0078125
0.259,-0.070312
0.264,0.03125
0.269,-0.11719
0.274,0.16406
0.279,-0.0625
0.284,-0.15625
0.289,0.23438
0.294,-0.24219
0.299,0.20312
0.304,0.03125
0.309,-0.10156
0.314,0.085938
0.319,-0.21875
0.324,0.039062
0.329,-0.0078125
0.334,0.023438
0.339,0.0078125
0.344,0.11719
0.349,-0.0625
0.354,0.046875
0.359,-0.054688
0.364,-0.039062
0.369,-0.015625
0.374,-0.16406
0.379,0.27344
0.384,-0.14062
0.389,0.0625
0.394,-0.015625
0.399,-0.0078125
0.404,0.03125
0.409,-0.03125
0.414,-0.0078125
0.419,0.039062
0.424,-0.039062
0.429,-0.039062
0.434,0.023438
0.439,-0.015625
0.444,0.03125
0.449,-0.054688
0.454,0.0625
0.459,-0.046875
0.464,-0.13281
0.469,0.0078125
0.474,0.039062
0.479,-0.03125
0.484,0.0625
0.489,0.0625
0.494,-0.046875
0.499,-0.03125
0.504,0.14062
0.509,-0.20312
0.514,0.09375
0.519,0.0078125
0.524,0.27344
0.529,-0.046875
0.534,-0.21875
0.539,-0.023438
0.544,-0.09375
0.549,0.078125
0.554,-0.039062
0.559,-0.03125
0.564,-0.046875
0.569,-0.046875
0.574,0.21094
0.579,0.046875
0.584,-0.015625
0.589,0.17969
0.594,0.19531
0.599,-0.19531
0.604,0.28906
0.609,-0.5625
0.614,-0.28906
0.619,0.35938
0.624,0.19531
0.629,0.21875
0.634,0.015625
0.639,-0.5
0.644,-0.14844
0.649,0.11719
0.654,-0.76562
0.659,0.51562
0.664,-0.0078125
0.669,-0.6875
0.674,0.33594
0.679,-0.35938
0.684,0.039062
0.689,-0.59375
0.694,0.67969
0.699,0.47656
0.704,-0.55469
0.709,-0.21875
0.714,0.71094
0.719,-0.13281
0.724,-0.66406
0.729,0.99219
0.734,-0.91406
0.739,0.09375
0.744,-0.36719
0.749,-0.21875
0.754,0.023438
0.759,-0.015625
0.764,-0.15625
0.769,0.9375
0.774,-0.35156
0.779,-0.23438
0.784,0.39844
0.789,0.34375
0.794,-0.17188
0.799,-0.14062
0.804,0.53125
0.809,-0.085938
0.814,0.3125
0.819,-0.96094
0.824,0.61719
0.829,-0.1875
0.834,-0.070312
0.839,-0.26562
0.844,-0.25
0.849,0.078125
0.854,-0.29688
0.859,-0.070312
0.864,0.17969
0.869,0.0078125
0.874,0.046875
0.879,-0.078125
0.884,-0.1875
0.889,0.10938
0.894,-0.3125
0.899,0.32031
0.904,-0.09375
0.909,0.29688
0.914,-0.03125
0.919,0.24219
0.924,-0.054688
0.929,-0.41406
0.934,0.19531
0.939,0.20312
0.944,-0.085938
0.949,-0.16406
0.954,0.078125
0.959,0.19531
0.964,-0.054688
0.969,-0.19531
0.974,0.054688
0.979,0.054688
0.984,-0.023438
0.989,-0.24219
0.994,0.27344
0.999,0.054688
1.004,-0.015625
1.009,-0.039062
1.014,-0.09375
1.019,-0.015625
1.024,0.0625
1.029,-0.10156
1.034,0.0625
1.039,0.039062
1.044,-0.054688
1.049,0.039062
1.054,-0.023438
1.059,0.03125
1.064,-0.11719
1.069,0.015625
1.074,0.14844
1.079,-0.03125
1.084,-0.09375
1.089,0.015625
1.094,0.1875
1.099,0.039062
1.104,-0.039062
1.109,-0.023438
1.114,-0.11719
1.119,-0.015625
1.124,0.039062
1.129,-0.046875
1.134,-0.015625
1.139,-0.03125
1.144,-0.0078125
1.149,0.078125
1.154,-0.015625
1.159,0.054688
1.164,-0.070312
1.169,0.0078125
1.174,0.054688
1.179,0.023438
1.184,-0.054688
1.189,-0.14844
1.194,-0.10156
1.199,0.085938
1.204,0.14062
1.209,0.0078125
1.214,-0.10156
1.219,-0.054688
1.224,0
1.229,0.0078125
1.234,-0.0625
1.239,-0.023438
1.244,0
1.249,0.11719
1.254,0.0078125
1.259,-0.015625
1.264,-0.03125
1.269,-0.054688
1.274,-0.046875
1.279,-0.015625
1.284,-0.015625
1.289,-0.046875
1.294,0.13281
1.299,-0.046875
1.304,0.0625
1.309,-0.03125
1.314,-0.054688
1.319,0.039062
1.324,-0.085938
1.329,0.0078125
1.334,0.0078125
1.339,0.046875
1.344,-0.085938
1.349,-0.039062
1.354,0
1.359,0
1.364,0.039062
1.369,-0.03125
1.374,-0.0078125
1.379,-0.046875
1.384,-0.125
1.389,0.054688
1.394,0.0625
1.399,0
1.404,0.015625
1.409,-0.22656
1.414,0.10156
1.419,0.054688
1.424,0.046875
1.429,-0.070312
1.434,-0.085938
1.439,0.023438
1.444,0.023438
1.449,-0.015625
1.454,0.023438
1.459,-0.16406
1.464,0.17969
1.469,0.023438
1.474,-0.039062
1.479,-0.0625
1.484,0
1.489,0.14844
1.494,-0.085938
1.499,0.085938
1.504,-0.0625
1.509,0.015625
1.514,-0.03125
1.519,-0.039062
1.524,0.0078125
1.529,0.046875
1.534,-0.03125
1.539,-0.023438
1.544,-0.015625
1.549,-0.0078125
1.554,-0.039062
1.559,0.0078125
1.564,-0.125
1.569,0.1875
1.574,-0.14844
1.579,0.21094
1.584,-0.015625
1.589,-0.046875
1.594,0
1.599,-0.085938
1.604,-0.023438
1.609,-0.015625
1.614,0.054688
1.619,-0.070312
1.624,0.0078125
1.629,-0.0625
1.634,-0.070312
1.639,0
1.644,0.0078125
1.649,0.03125
1.654,-0.0078125
1.659,-0.039062
1.664,-0.046875
1.669,0.0078125
1.674,0.015625
1.679,-0.0625
1.684,0.10156
1.689,-0.023438
1.694,-0.015625
1.699,-0.015625
1.704,0.0078125
1.709,-0.0078125
1.714,0.015625
1.719,-0.054688
1.724,0.039062
1.729,-0.015625
1.734,-0.023438
1.739,0.03125
1.744,0.046875
1.749,-0.085938
1.754,0.015625
1.759,-0.0078125
1.764,0.0078125
1.769,0.0078125
1.774,-0.070312
1.779,0.14844
1.784,-0.078125
1.789,-0.03125
1.794,0.015625
1.799,-0.070312
1.804,-0.023438
1.809,0.0625
1.814,-0.054688
1.819,-0.054688
1.824,0.039062
1.829,-0.046875
1.834,0.10938
1.839,-0.0625
1.844,-0.046875
1.849,-0.015625
1.854,0.046875
1.859,0.054688
1.864,-0.023438
1.869,-0.03125
1.874,-0.03125
1.879,0.023438
1.884,-0.039062
1.889,0
1.894,-0.03125
1.899,0.023438
1.904,0.023438
1.909,-0.015625
1.914,0.023438
1.919,-0.054688
1.924,-0.10938
1.929,0.03125
1.934,0.046875
1.939,-0.03125
1.944,0.023438
1.949,-0.078125
1.954,0.054688
1.959,-0.046875
1.964,0.046875
1.969,-0.09375
1.974,-0.03125
1.979,0.14062
1.984,-0.0625
1.989,-0.054688
1.994,0.21094
1.999,-0.1875
2.004,0.0625
2.009,0
2.014,-0.085938
2.019,0.023438
2.024,-0.015625
2.029,-0.023438
2.034,0
2.039,-0.023438
2.044,-0.09375
2.049,0.085938
2.054,-0.015625
2.059,0.054688
2.064,0.03125
2.069,0.015625
2.074,-0.125
2.079,0.03125
2.084,0.03125
2.089,0.015625
2.094,-0.0625
2.099,0.03125
2.104,0.070312
2.109,-0.0078125
2.114,-0.15625
2.119,0.125
2.124,0.09375
2.129,-0.0078125
2.134,0.023438
2.139,-0.09375
2.144,-0.070312
2.149,0.039062
2.154,0.015625
2.159,-0.09375
2.164,-0.015625
2.169,0.0078125
2.174,0.015625
2.179,-0.0625
2.184,-0.046875
2.189,0
2.194,-0.054688
2.199,0.054688
2.204,-0.023438
2.209,-0.015625
2.214,-0.03125
2.219,-0.023438
2.224,0.03125
2.229,-0.054688
2.234,0.0078125
2.239,-0.03125
2.244,-0.039062
2.249,0.03125
2.254,-0.070312
2.259,0.015625
2.264,0.015625
2.269,0.046875
2.274,-0.015625
2.279,0.039062
2.284,-0.054688
2.289,-0.03125
2.294,0.039062
2.299,-0.039062
2.304,-0.039062
2.309,0.03125
2.314,0.046875
2.319,-0.0625
2.324,-0.046875
2.329,0.015625
2.334,0.13281
2.339,0.0078125
2.344,-0.023438
2.349,-0.03125
2.354,-0.085938
2.359,0.023438
2.364,0.0078125
2.369,-0.03125
2.374,0.054688
2.379,0
2.384,0.085938
2.389,-0.015625
2.394,-0.023438
2.399,-0.085938
2.404,-0.13281
2.409,0.085938
2.414,0.125
2.419,-0.0625
2.424,0.023438
2.429,-0.11719
2.434,-0.0625
2.439,0.054688
2.444,-0.070312
2.449,0.039062
2.454,-0.0078125
2.459,0.0078125
2.464,-0.015625
2.469,-0.046875
2.474,-0.054688
2.479,0.03125
2.484,0.0625
2.489,-0.023438
2.494,-0.046875
2.499,-0.070312
2.504,0
2.509,0.039062
2.514,-0.085938
2.519,0.046875
2.524,0.015625
2.529,-0.085938
2.534,0.015625
2.539,0.015625
2.544,0.03125
2.549,-0.03125
2.554,-0.0078125
2.559,0
2.564,-0.015625
2.569,-0.039062
2.574,-0.023438
2.579,-0.023438
2.584,0.03125
2.589,0.039062
2.594,-0.03125
2.599,-0.0625
2.604,0.085938
2.609,-0.039062
2.614,0.039062
2.619,-0.03125
2.624,-0.046875
2.629,-0.015625
2.634,-0.046875
2.639,0.070312
2.644,0.046875
2.649,-0.054688
2.654,0.03125
2.659,-0.039062
2.664,-0.078125
2.669,-0.070312
2.674,0.078125
2.679,0.023438
2.684,-0.054688
2.689,0.10156
2.694,-0.046875
2.699,-0.0078125
2.704,0.046875
2.709,-0.054688
2.714,-0.0078125
2.719,0.078125
2.724,-0.039062
2.729,0.03125
2.734,-0.023438
2.739,-0.070312
2.744,-0.046875
2.749,0.023438
2.754,0.0078125
2.759,-0.039062
2.764,0.11719
2.769,-0.10156
2.774,0.046875
2.779,-0.054688
2.784,-0.03125
2.789,0.0078125
2.794,-0.015625
2.799,0.015625
2.804,-0.015625
2.809,-0.046875
2.814,-0.046875
2.819,0.046875
2.824,-0.03125
2.829,0.070312
2.834,-0.039062
2.839,-0.0078125
2.844,-0.0078125
2.849,0.023438
2.854,0.0078125
2.859,-0.085938
2.864,0.039062
2.869,-0.11719
2.874,0.14062
2.879,0.015625
2.884,-0.046875
2.889,0
2.894,-0.125
2.899,0.046875
2.904,-0.070312
2.909,0.0078125
2.914,-0.03125
2.919,0
2.924,0.03125
2.929,0
2.934,-0.039062
2.939,0.054688
2.944,-0.10156
2.949,0.054688
2.954,-0.0078125
2.959,-0.023438
2.964,0.0625
2.969,-0.023438
2.974,-0.039062
2.979,0
2.984,0
2.989,-0.0078125
2.994,0.039062
2.999,-0.039062
3.004,0.039062
3.009,-0.039062
3.014,-0.023438
3.019,-0.03125
3.024,-0.015625
3.029,0.085938
3.034,-0.03125
3.039,-0.0078125
3.044,-0.046875
3.049,0.046875
3.054,-0.023438
3.059,-0.03125
3.064,-0.023438
3.069,0.039062
3.074,-0.0078125
3.079,-0.085938
3.084,0.13281
3.089,-0.078125
3.094,0
3.099,-0.10938
3.104,0.085938
3.109,0.023438
3.114,-0.023438
3.119,-0.0078125
3.124,-0.078125
3.129,-0.054688
3.134,0.10156
3.139,0.015625
3.144,-0.015625
3.149,0.11719
3.154,-0.070312
3.159,-0.0078125
3.164,-0.046875
3.169,-0.09375
3.174,0.054688
3.179,-0.015625
3.184,-0.070312
3.189,0
3.194,-0.023438
3.199,0.054688
3.204,-0.054688
3.209,-0.03125
3.214,-0.03125
3.219,0.078125
3.224,-0.054688
3.229,0.046875
3.234,-0.039062
3.239,-0.039062
3.244,0.023438
3.249,-0.015625
3.254,-0.03125
3.259,-0.015625
3.264,-0.0078125
3.269,-0.03125
3.274,0.015625
3.279,-0.023438
3.284,0.046875
3.289,-0.085938
3.294,0.054688
3.299,-0.015625
3.304,0.03125
3.309,0.03125
3.314,-0.03125
3.319,0.0078125
3.324,-0.0078125
3.329,-0.015625
3.334,-0.0078125
3.339,-0.015625
3.344,-0.0625
3.349,-0.015625
3.354,-0.039062
3.359,0.125
3.364,-0.054688
3.369,0.03125
3.374,0
3.379,-0.046875
3.384,-0.0078125
3.389,-0.015625
3.394,-0.039062
3.399,-0.015625
3.404,-0.03125
3.409,-0.03125
3.414,0.03125
3.419,0.015625
3.424,-0.039062
3.429,0.015625
3.434,-0.039062
3.439,-0.046875
3.444,0.085938
3.449,0.046875
3.454,-0.070312
3.459,-0.0625
3.464,0.023438
3.469,0.03125
3.474,0.023438
3.479,-0.0078125
3.484,-0.023438
3.489,-0.0078125
3.494,-0.039062
3.499,0
3.504,0.023438
3.509,-0.015625
3.514,-0.039062
3.519,-0.023438
3.524,-0.0078125
3.529,0.039062
3.534,0.15625
3.539,-0.023438
3.544,-0.023438
3.549,-0.0625
3.554,0.03125
3.559,-0.0078125
3.564,-0.015625
3.569,-0.078125
3.574,-0.085938
3.579,0.023438
3.584,0.023438
3.589,0.015625
3.594,-0.015625
3.599,-0.023438
3.604,0
3.609,-0.0078125
3.614,-0.039062
3.619,-0.16406
3.624,0.23438
3.629,-0.039062
3.634,-0.33594
3.639,0.21094
3.644,0.1875
3.649,-0.29688
3.654,0.054688
3.659,0.17969
3.664,-0.4375
3.669,0.66406
3.674,-0.046875
3.679,0.24219
3.684,-0.21875
3.689,-0.14844
3.694,-0.125
3.699,0.46094
3.704,-0.44531
3.709,-0.58594
3.714,0.23438
3.719,-0.53125
3.724,0.78906
3.729,0.023438
3.734,0.0625
3.739,0.039062
3.744,-0.22656
3.749,-0.17969
3.754,0.23438
3.759,-0.14062
3.764,-0.039062
3.769,0.046875
3.774,-0.1875
3.779,-0.1875
3.784,-0.10156
3.789,0.054688
3.794,0.03125
3.799,0.023438
3.804,-0.10938
3.809,-0.046875
3.814,0.070312
3.819,0.0078125
3.824,0.0078125
3.829,-0.03125
3.834,0.09375
3.839,-0.015625
3.844,0.11719
3.849,0.085938
3.854,0.023438
3.859,-0.125
3.864,-0.039062
3.869,0.17188
3.874,-0.14844
3.879,-0.070312
3.884,0.13281
3.889,0.023438
3.894,0.015625
3.899,0.0078125
3.904,-0.0625
3.909,0.09375
3.914,0
3.919,-0.078125
3.924,0.054688
3.929,0.015625
3.934,-0.023438
3.939,0
3.944,-0.039062
3.949,0.015625
3.954,0.054688
3.959,0.054688
3.964,-0.015625
3.969,-0.11719
3.974,-0.13281
3.979,0.03125
3.984,0.039062
3.989,0.070312
3.994,-0.054688
3.999,-0.1875
4.004,0
4.009,0.20312
4.014,0.10156
4.019,0.21094
4.024,-0.39844
4.029,-0.21094
4.034,0.30469
4.039,-0.11719
4.044,0.44531
4.049,0.17188
4.054,-0.15625
4.059,-0.17969
4.064,0.14844
4.069,-0.64062
4.074,0.39844
4.079,-0.33594
4.084,0.55469
4.089,0.36719
4.094,-0.44531
4.099,-0.14062
4.104,-0.17969
4.109,0.19531
4.114,0.046875
4.119,0.0078125
4.124,-0.14062
4.129,0.20312
4.134,-0.23438
4.139,-0.10938
4.144,-0.27344
4.149,0.125
4.154,0.1875
4.159,0.046875
4.164,-0.21094
4.169,-0.19531
4.174,0.32031
4.179,-0.078125
4.184,-0.054688
4.189,-0.17188
4.194,-0.11719
4.199,0.015625
4.204,-0.17969
4.209,0.39062
4.214,-0.30469
4.219,-0.023438
4.224,-0.0625
4.229,-0.15625
4.234,0.085938
4.239,0.085938
4.244,0.03125
4.249,-0.36719
4.254,0.10938
4.259,-0.1875
4.264,0.23438
4.269,0.39844
4.274,-0.5
4.279,-0.125
4.284,0.38281
4.289,-0.19531
4.294,0.25
4.299,0.40625
4.304,-0.75
4.309,-0.22656
4.314,0.40625
4.319,-0.28125
4.324,-0.10156
4.329,0.21875
4.334,-0.73438
4.339,0.99219
4.344,-0.24219
4.349,-0.11719
4.354,0.039062
4.359,-0.55469
4.364,0.16406
4.369,0.23438
4.374,-0.14844
4.379,-0.41406
4.384,0.40625
4.389,-0.09375
4.394,0.26562
4.399,-0.73438
4.404,0.57031
4.409,-0.42969
4.414,-0.57812
4.419,0.51562
4.424,0.10938
4.429,0.30469
4.434,0.32031
4.439,-0.19531
4.444,-0.125
4.449,-0.44531
4.454,0.23438
4.459,-0.023438
4.464,0.25
4.469,-0.32031
4.474,-0.71094
4.479,0.74219
4.484,-0.34375
4.489,-0.46094
4.494,0.25
4.499,0.078125
4.504,0.085938
4.509,0.60156
4.514,-0.5
4.519,-0.09375
4.524,0.70312
4.529,0
4.534,-0.50781
4.539,0.99219
4.544,-0.69531
4.549,-0.13281
4.554,0.32031
4.559,-0.47656
4.564,0.58594
4.569,-0.63281
4.574,-0.4375
4.579,0.03125
4.584,-0.070312
4.589,0.27344
4.594,-0.078125
4.599,-0.34375
4.604,-0.45312
4.609,0.53125
4.614,0.36719
4.619,-0.054688
4.624,-0.30469
4.629,0.0625
4.634,0.054688
4.639,0.17188
4.644,-0.53125
4.649,0.17969
4.654,0.21094
4.659,-0.070312
4.664,0.17969
4.669,-0.29688
4.674,0.015625
4.679,0.58594
4.684,-0.11719
4.689,-0.16406
4.694,0.35938
4.699,-0.125
4.704,-0.23438
4.709,0.11719
4.714,-0.17188
4.719,0.023438
4.724,-0.0078125
4.729,0.0625
4.734,0.26562
4.739,-0.48438
4.744,0.14844
4.749,0.023438
4.754,0.085938
4.759,0.023438
4.764,-0.39062
4.769,0.16406
4.774,0.10156
4.779,-0.14844
4.784,0.085938
4.789,-0.0625
4.794,0.070312
4.799,0.023438
4.804,0.078125
4.809,-0.10156
4.814,0.22656
4.819,-0.125
4.824,0.03125
4.829,-0.0078125
4.834,-0.039062
4.839,-0.14062
4.844,0.0625
4.849,0.13281
4.854,-0.03125
4.859,0.023438
4.864,-0.0078125
4.869,-0.039062
4.874,-0.046875
4.879,0.070312
4.884,-0.0078125
4.889,-0.039062
4.894,-0.015625
4.899,-0.085938
4.904,-0.0078125
4.909,0.0078125
4.914,-0.085938
4.919,0
4.924,0.03125
4.929,-0.039062
4.934,-0.015625
4.939,0.046875
4.944,-0.023438
4.949,-0.0078125
4.954,0.015625
4.959,-0.015625
4.964,-0.015625
4.969,-0.046875
4.974,0.046875
4.979,0.023438
4.984,0.0625
4.989,-0.015625
4.994,0.03125
4.999,-0.015625
5.004,0.070312
5.009,-0.070312
5.014,-0.046875
5.019,0.046875
5.024,-0.039062
5.029,0.023438
5.034,-0.023438
5.039,0.015625
5.044,-0.0625
5.049,0.0078125
5.054,-0.03125
5.059,-0.03125
5.064,-0.03125
5.069,0.023438
5.074,0.0625
5.079,-0.070312
5.084,-0.070312
5.089,0.070312
5.094,-0.03125
5.099,-0.0625
5.104,0.0078125
5.109,-0.0625
5.114,0.085938
5.119,-0.0078125
5.124,-0.039062
5.129,0.0078125
5.134,-0.10156
5.139,0.046875
5.144,-0.0078125
5.149,-0.015625
5.154,-0.023438
5.159,-0.039062
5.164,-0.039062
5.169,-0.09375
5.174,0.125
5.179,0.039062
5.184,0.039062
5.189,-0.03125
5.194,-0.0625
5.199,-0.09375
5.204,0.023438
5.209,-0.0078125
5.214,0.0078125
5.219,0.0078125
5.224,0.0078125
5.229,0.054688
5.234,-0.09375
5.239,-0.046875
5.244,0.15625
5.249,0.0625
5.254,0.03125
5.259,-0.17969
5.264,0.070312
5.269,0.039062
5.274,0.039062
5.279,-0.078125
5.284,-0.17188
5.289,0.023438
5.294,-0.070312
5.299,0.19531
5.304,-0.015625
5.309,-0.125
5.314,-0.046875
5.319,0.078125
5.324,-0.16406
5.329,-0.078125
5.334,-0.0078125
5.339,0.015625
5.344,0.046875
5.349,-0.046875
5.354,0.10156
5.359,0.0078125
5.364,-0.070312
5.369,0.0078125
5.374,-0.10938
5.379,0.17188
5.384,-0.10156
5.389,0.039062
5.394,-0.054688
5.399,-0.10938
5.404,0.17969
5.409,0.046875
5.414,0
5.419,-0.054688
5.424,-0.015625
5.429,-0.070312
5.434,0.070312
5.439,0.015625
5.444,0.015625
5.449,-0.015625
5.454,-0.078125
5.459,-0.03125
5.464,-0.10156
5.469,0.070312
5.474,0.085938
5.479,-0.0078125
5.484,-0.0078125
5.489,-0.054688
5.494,0.0078125
5.499,-0.09375
5.504,-0.14062
5.509,0.21094
5.514,-0.015625
5.519,0.03125
5.524,-0.085938
5.529,-0.03125
5.534,-0.023438
5.539,0.03125
5.544,0.054688
5.549,-0.023438
5.554,0.0078125
5.559,-0.13281
5.564,0.046875
5.569,-0.0078125
5.574,-0.039062
5.579,-0.11719
5.584,0.16406
5.589,0.03125
5.594,-0.09375
5.599,0.0625
5.604,-0.070312
5.609,-0.039062
5.614,-0.0078125
5.619,0.0078125
5.624,0.015625
5.629,-0.023438
5.634,-0.0625
5.639,0.0625
5.644,0.0078125
5.649,-0.046875
5.654,-0.10156
5.659,0.03125
5.664,0.19531
5.669,-0.0625
5.674,0.046875
5.679,-0.0078125
5.684,-0.054688
5.689,-0.0078125
5.694,-0.023438
5.699,0.015625
5.704,-0.039062
5.709,0.03125
5.714,-0.015625
5.719,-0.0078125
5.724,-0.11719
5.729,0.039062
5.734,0.070312
5.739,0.078125
5.744,-0.0078125
5.749,-0.10156
5.754,-0.015625
5.759,-0.039062
5.764,-0.039062
5.769,0.015625
5.774,0.039062
5.779,-0.070312
5.784,0
5.789,-0.0078125
5.794,0.046875
5.799,-0.039062
5.804,-0.17188
5.809,0.023438
5.814,0.16406
5.819,0.023438
5.824,-0.0078125
5.829,0
5.834,-0.10156
5.839,-0.0625
5.844,0.10938
5.849,-0.023438
5.854,0
5.859,0.03125
5.864,-0.15625
5.869,0.10156
5.874,0.11719
5.879,0.0625
5.884,0.13281
5.889,-0.023438
5.894,-0.070312
5.899,-0.078125
5.904,-0.039062
5.909,-0.015625
5.914,-0.070312
5.919,0.070312
5.924,0.039062
5.929,-0.15625
5.934,-0.27344
5.939,0.27344
5.944,-0.015625
5.949,-0.10938
5.954,0.085938
5.959,0
5.964,0.03125
5.969,0.054688
5.974,-0.03125
5.979,-0.14844
5.984,-0.015625
5.989,0.039062
5.994,-0.11719
5.999,0.10938
6.004,-0.085938
6.009,-0.0078125
6.014,0.039062
6.019,0.085938
6.024,-0.11719
6.029,-0.015625
6.034,0.054688
6.039,-0.11719
6.044,0.21875
6.049,0.14062
6.054,-0.10156
6.059,-0.28906
6.064,0.35938
6.069,-0.054688
6.074,0.078125
6.079,-0.11719
6.084,-0.125
6.089,0.078125
6.094,-0.10938
6.099,-0.23438
6.104,0.46875
6.109,-0.046875
6.114,0.070312
6.119,-0.070312
6.124,-0.015625
6.129,-0.125
6.134,-0.11719
6.139,0.25
6.144,-0.24219
6.149,0.078125
6.154,-0.070312
6.159,0.023438
6.164,-0.09375
6.169,-0.32812
6.174,0.25
6.179,0.125
6.184,-0.3125
6.189,0.35938
6.194,0.015625
6.199,0.03125
6.204,-0.03125
6.209,-0.14062
6.214,0
6.219,0.015625
6.224,0.023438
6.229,-0.085938
6.234,-0.015625
6.239,-0.054688
6.244,0.0078125
6.249,0.070312
6.254,-0.039062
6.259,0.0078125
6.264,0.0078125
6.269,0.015625
6.274,-0.17188
6.279,0.11719
6.284,0.046875
6.289,-0.078125
6.294,0.125
6.299,0.03125
6.304,-0.0625
6.309,-0.21875
6.314,0.17969
6.319,0.023438
6.324,-0.070312
6.329,0.17969
6.334,0.070312
6.339,-0.054688
6.344,-0.21094
6.349,0.13281
6.354,0.039062
6.359,-0.10156
6.364,0.015625
6.369,-0.03125
6.374,-0.19531
6.379,0.14844
6.384,-0.29688
6.389,0.27344
6.394,0.023438
6.399,0.023438
6.404,0.25
6.409,-0.30469
6.414,-0.32031
6.419,0.1875
6.424,-0.046875
6.429,0.046875
6.434,0.0078125
6.439,-0.28125
6.444,0.085938
6.449,-0.078125
6.454,0.15625
6.459,-0.03125
6.464,-0.023438
6.469,0.046875
6.474,-0.21875
6.479,-0.023438
6.484,-0.03125
6.489,-0.11719
6.494,0.20312
6.499,-0.17188
6.504,-0.28125
6.509,0.28906
6.514,0.0078125
6.519,-0.23438
6.524,0.51562
6.529,-0.33594
6.534,-0.32812
6.539,0.42188
6.544,-0.25
6.549,-0.15625
6.554,0.20312
6.559,-0.14062
6.564,0.015625
6.569,0
6.574,0.0625
6.579,-0.34375
6.584,0.26562
6.589,-0.039062
6.594,0.13281
6.599,0.13281
6.604,-0.32812
6.609,0.22656
6.614,0.39062
6.619,-0.21875
6.624,0.17188
6.629,0.24219
6.634,-0.14062
6.639,-0.0625
6.644,-0.35156
6.649,-0.14844
6.654,0.03125
6.659,-0.26562
6.664,-0.23438
6.669,0.13281
6.674,-0.30469
6.679,0.27344
6.684,-0.23438
6.689,0.13281
6.694,0.0078125
6.699,0
6.704,0.11719
6.709,-0.11719
6.714,0.023438
6.719,-0.53125
6.724,0.67969
6.729,-0.23438
6.734,-0.023438
6.739,0.15625
6.744,-0.28906
6.749,-0.015625
6.754,-0.125
6.759,0.38281
6.764,0.16406
6.769,-0.14062
6.774,-0.29688
6.779,0.46875
6.784,0.070312
6.789,-0.023438
6.794,-0.078125
6.799,-0.11719
6.804,-0.32031
6.809,0.64062
6.814,-0.09375
6.819,0.09375
6.824,0.14844
6.829,-0.33594
6.834,-0.03125
6.839,0.09375
6.844,0.21094
6.849,-0.039062
6.854,-0.15625
6.859,-0.039062
6.864,-0.4375
6.869,0.4375
6.874,-0.32031
6.879,0.71094
6.884,-0.58594
6.889,0.14062
6.894,0.58594
6.899,-0.88281
6.904,0.99219
6.909,-0.46094
6.914,-0.375
6.919,0.0078125
6.924,0.4375
6.929,-0.90625
6.934,0.99219
6.939,-0.25
6.944,0.09375
6.949,0.84375
6.954,0.25
6.959,-0.96875
6.964,0.38281
6.969,-0.92188
6.974,0.49219
6.979,-0.125
6.984,0.19531
6.989,-0.20312
6.994,-0.90625
6.999,0.30469
7.004,0.53906
7.009,-0.82031
7.014,-0.78125
7.019,0.9375
7.024,-0.76562
7.029,0.79688
7.034,-0.015625
7.039,-0.48438
7.044,-0.61719
7.049,0.60156
7.054,0.015625
7.059,0.19531
7.064,-0.4375
7.069,-0.015625
7.074,0.0078125
7.079,-0.070312
7.084,-0.10938
7.089,0.0625
7.094,0.26562
7.099,0.10156
7.104,-0.19531
7.109,0.078125
7.114,-0.21094
7.119,0.039062
7.124,-0.023438
7.129,-0.015625
7.134,0
7.139,-0.22656
7.144,-0.11719
7.149,0
7.154,0.26562
7.159,-0.085938
7.164,-0.085938
7.169,-0.21875
7.174,-0.023438
7.179,0.17188
7.184,0.20312
7.189,-0.14844
7.194,-0.14062
7.199,-0.039062
7.204,-0.015625
7.209,0.085938
7.214,-0.03125
7.219,-0.03125
7.224,0.14062
7.229,-0.085938
7.234,0.046875
7.239,-0.10156
7.244,0.03125
7.249,0.0625
7.254,-0.15625
7.259,0.17188
7.264,-0.015625
7.269,-0.0078125
7.274,0.046875
7.279,-0.125
7.284,-0.054688
7.289,0
7.294,-0.023438
7.299,0.0078125
7.304,-0.085938
7.309,0.046875
7.314,-0.070312
7.319,-0.015625
7.324,0.0625
7.329,-0.085938
7.334,0.09375
7.339,0
7.344,-0.015625
7.349,-0.046875
7.354,-0.0078125
7.359,0.023438
7.364,-0.085938
7.369,0.03125
7.374,-0.03125
7.379,-0.039062
7.384,0.10156
7.389,0.023438
7.394,0.015625
7.399,0.03125
7.404,-0.085938
7.409,-0.13281
7.414,-0.11719
7.419,-0.11719
7.424,0.30469
7.429,-0.125
7.434,-0.046875
7.439,0.25
7.444,-0.28906
7.449,0.8125
7.454,-0.30469
7.459,-0.20312
7.464,-0.15625
7.469,-0.4375
7.474,0.39844
7.479,-0.22656
7.484,0.070312
7.489,0.070312
7.494,0.24219
7.499,-0.40625
7.504,0.53906
7.509,-0.97656
7.514,0.03125
7.519,-0.22656
7.524,-0.5625
7.529,0.21875
7.534,0.70312
7.539,0.0078125
7.544,0.15625
7.549,-0.046875
7.554,-0.78906
7.559,0.64844
7.564,-0.023438
7.569,-0.023438
7.574,-0.09375
7.579,-0.015625
7.584,-0.22656
7.589,0.28906
7.594,0.20312
7.599,-0.15625
7.604,-0.24219
7.609,0.015625
7.614,0.32812
7.619,-0.21875
7.624,0.085938
7.629,-0.16406
7.634,-0.046875
7.639,-0.03125
7.644,0.3125
7.649,-0.35938
7.654,0.054688
7.659,-0.16406
7.664,0.24219
7.669,0.10156
7.674,-0.57031
7.679,0.023438
7.684,0.15625
7.689,0.046875
7.694,0.0078125
7.699,0.34375
7.704,-0.41406
7.709,0.24219
7.714,-0.17188
7.719,0.046875
7.724,-0.0625
7.729,-0.0078125
7.734,-0.125
7.739,0.35156
7.744,-0.67188
7.749,0.10938
7.754,0.17188
7.759,-0.15625
7.764,-0.03125
7.769,0.17188
7.774,-0.09375
7.779,-0.039062
7.784,0.125
7.789,-0.0625
7.794,0.03125
7.799,0.015625
7.804,-0.0078125
7.809,0.046875
7.814,-0.03125
7.819,0.023438
7.824,0.0625
7.829,0.046875
7.834,-0.039062
7.839,-0.0625
7.844,0.0625
7.849,0.0078125
7.854,-0.0625
7.859,-0.03125
7.864,0.054688
7.869,-0.039062
7.874,-0.046875
7.879,0.0078125
7.884,0.17969
7.889,0.0078125
7.894,0.023438
7.899,-0.070312
7.904,-0.21094
7.909,0
7.914,0.085938
7.919,0.125
7.924,-0.09375
7.929,-0.16406
7.934,0.30469
7.939,-0.039062
7.944,0.0625
7.949,-0.33594
7.954,-0.23438
7.959,-0.10156
7.964,0.17969
7.969,-0.19531
7.974,0.14844
7.979,-0.875
7.984,0.82812
7.989,-0.8125
7.994,0.19531
7.999,0.96094
8.004,-1
8.009,0.875
8.014,0.23438
8.019,-0.28125
8.024,0.25781
8.029,-0.33594
8.034,-0.38281
8.039,-0.39844
8.044,-0.25
8.049,0.42188
8.054,-0.125
8.059,0.1875
8.064,-0.60156
8.069,-0.47656
8.074,0.59375
8.079,-0.375
8.084,0.10156
8.089,0.21875
8.094,-0.51562
8.099,-0.17969
8.104,0.023438
8.109,0.40625
8.114,0.0625
8.119,-0.0078125
8.124,-0.046875
8.129,-0.35156
8.134,-0.29688
8.139,0.0078125
8.144,0.21094
8.149,0.054688
8.154,0.10156
8.159,-0.10156
8.164,0.046875
8.169,-0.45312
8.174,0.39062
8.179,0.75
8.184,-0.015625
8.189,0.0625
8.194,-0.53125
8.199,-0.17969
8.204,0.25
8.209,0.20312
8.214,-0.054688
8.219,0.070312
8.224,-0.09375
8.229,-0.17969
8.234,-0.29688
8.239,0.375
8.244,-0.25781
8.249,0.27344
8.254,0.11719
8.259,-0.16406
8.264,0.015625
8.269,-0.0078125
8.274,-0.046875
8.279,-0.32812
8.284,0.33594
8.289,-0.0625
8.294,-0.14844
8.299,0.015625
8.304,0.03125
8.309,0.046875
8.314,0.03125
8.319,0.125
8.324,-0.14062
8.329,0.070312
8.334,0.1875
8.339,-0.023438
8.344,-0.023438
8.349,0.070312
8.354,0.125
8.359,-0.070312
8.364,-0.32812
8.369,-0.125
8.374,0.3125
8.379,0.14062
8.384,-0.34375
8.389,-0.03125
8.394,0.14062
8.399,-0.30469
8.404,0.03125
8.409,0.14062
8.414,-0.10938
8.419,0.35156
8.424,-0.16406
8.429,0
8.434,-0.25
8.439,0.09375
8.444,-0.16406
8.449,0.10156
8.454,-0.13281
8.459,0
8.464,0.25781
8.469,-0.070312
8.474,-0.10156
8.479,-0.09375
8.484,0.09375
8.489,0.0078125
8.494,-0.23438
8.499,0.24219
8.504,0.023438
8.509,-0.046875
8.514,0.19531
8.519,-0.25
8.524,0.13281
8.529,-0.11719
8.534,-0.125
8.539,0.16406
8.544,0.15625
8.549,0.039062
8.554,-0.14844
8.559,-0.41406
8.564,-0.33594
8.569,0.47656
8.574,0.21875
8.579,-0.09375
8.584,-0.125
8.589,-0.25781
8.594,-0.32812
8.599,0.66406
8.604,-0.046875
8.609,-0.20312
8.614,-0.6875
8.619,0.39062
8.624,-0.39062
8.629,0.015625
8.634,0.33594
8.639,-1
8.644,0.99219
8.649,0.09375
8.654,-0.23438
8.659,-0.23438
8.664,0.20312
8.669,-0.75781
8.674,-0.64062
8.679,0.82812
8.684,-0.22656
8.689,-0.10156
8.694,0.19531
8.699,-0.52344
8.704,0.21875
8.709,0.17188
8.714,-0.023438
8.719,0.10156
8.724,0.03125
8.729,-0.078125
8.734,0.26562
8.739,-0.32031
8.744,-0.27344
8.749,0.070312
8.754,0.19531
8.759,-0.0078125
8.764,-0.375
8.769,0.10156
8.774,0.34375
8.779,0.015625
8.784,-0.375
8.789,0.19531
8.794,0.24219
8.799,-0.33594
8.804,0.1875
8.809,-0.11719
8.814,-0.078125
8.819,0.085938
8.824,0.046875
8.829,0
8.834,-0.023438
8.839,0.054688
8.844,-0.054688
8.849,0.085938
8.854,-0.25781
8.859,0.14062
8.864,-0.023438
8.869,0.13281
8.874,-0.10938
8.879,-0.17188
8.884,-0.13281
8.889,-0.03125
8.894,-0.03125
8.899,0.13281
8.904,-0.039062
8.909,0.10156
8.914,-0.015625
8.919,-0.023438
8.924,0.0078125
8.929,0.09375
8.934,-0.023438
8.939,0.023438
8.944,-0.13281
8.949,-0.13281
8.954,0.085938
8.959,-0.054688
8.964,0.0625
8.969,-0.023438
8.974,-0.085938
8.979,0.03125
8.984,0.0625
8.989,-0.0625
8.994,0
8.999,0.046875
9.004,0.0078125
9.009,-0.15625
9.014,0.015625
9.019,0.27344
9.024,-0.0078125
9.029,0.0078125
9.034,-0.19531
9.039,-0.28906
9.044,0.45312
9.049,0.070312
9.054,0
9.059,-0.046875
9.064,-0.21094
9.069,0.046875
9.074,0.023438
9.079,0.21094
9.084,0.64062
9.089,-0.27344
9.094,-0.57031
9.099,0.42969
9.104,-0.10156
9.109,-0.24219
9.114,-0.14062
9.119,0.13281
9.124,0.74219
9.129,-0.26562
9.134,-0.16406
9.139,-1
9.144,0.0078125
9.149,0.1875
9.154,0.44531
9.159,0.16406
9.164,-0.82031
9.169,0.16406
9.174,-0.51562
9.179,-0.47656
9.184,0.52344
9.189,-0.5
9.194,0.48438
9.199,-0.10938
9.204,-0.32812
9.209,0.24219
9.214,-0.015625
9.219,0.21094
9.224,-0.59375
9.229,0.30469
9.234,-0.039062
9.239,0.21875
9.244,-0.023438
9.249,-0.14062
9.254,0.125
9.259,0.085938
9.264,-0.22656
9.269,0.03125
9.274,-0.023438
9.279,-0.039062
9.284,-0.125
9.289,-0.039062
9.294,0.24219
9.299,-0.125
9.304,0.054688
9.309,0.10938
9.314,0.039062
9.319,-0.10938
9.324,-0.0625
9.329,-0.15625
9.334,0.039062
9.339,0.015625
9.344,-0.10938
9.349,0.054688
9.354,-0.0078125
9.359,0.125
9.364,-0.21094
9.369,0.015625
9.374,-0.078125
9.379,0.16406
9.384,0.023438
9.389,0.023438
9.394,0.0078125
9.399,-0.039062
9.404,-0.0078125
9.409,-0.046875
9.414,0.054688
9.419,-0.0078125
9.424,-0.10156
9.429,0.054688
9.434,0.046875
9.439,-0.046875
9.444,0.0078125
9.449,0.03125
9.454,-0.0078125
9.459,0.039062
9.464,0.28906
9.469,-0.1875
9.474,0.054688
9.479,-0.14062
9.484,0.039062
9.489,0.078125
9.494,-0.24219
9.499,-0.085938
9.504,-0.0625
9.509,0.09375
9.514,-0.03125
9.519,0.11719
9.524,-0.03125
9.529,-0.32031
9.534,0.14062
9.539,-0.22656
9.544,0.0078125
9.549,0.10938
9.554,-0.10156
9.559,0.054688
9.564,-0.03125
9.569,0.10156
9.574,0
9.579,0.078125
9.584,-0.0078125
9.589,-0.03125
9.594,0.10156
9.599,0.015625
9.604,-0.070312
9.609,0.14844
9.614,-0.039062
9.619,0.054688
9.624,-0.09375
9.629,0.070312
9.634,0.039062
9.639,0.015625
9.644,0.11719
9.649,-0.070312
9.654,0.10156
9.659,-0.078125
9.664,-0.72656
9.669,0.63281
9.674,0.10938
9.679,-0.22656
9.684,0.125
9.689,-0.13281
9.694,0
9.699,0.13281
9.704,0.125
9.709,0.125
9.714,-0.44531
9.719,-0.078125
9.724,-0.36719
9.729,0.054688
9.734,0.71875
9.739,-0.89062
9.744,0.24219
9.749,0
9.754,-0.40625
9.759,0.26562
9.764,0.21094
9.769,-0.32812
9.774,0.0078125
9.779,0.20312
9.784,0.046875
9.789,-0.35156
9.794,0.125
9.799,0.10938
9.804,-0.03125
9.809,-0.015625
9.814,0.054688
9.819,-0.19531
9.824,0.10156
9.829,-0.16406
9.834,0.15625
9.839,0.16406
9.844,0.14062
9.849,-0.0625
9.854,-0.17969
9.859,0.125
9.864,-0.10156
9.869,-0.28906
9.874,0.039062
9.879,0.046875
9.884,-0.023438
9.889,0.13281
9.894,-0.125
9.899,-0.14844
9.904,-0.16406
9.909,0.375
9.914,-0.28906
9.919,-0.046875
9.924,0.0625
9.929,0.078125
9.934,-0.33594
9.939,0.38281
9.944,0.0078125
9.949,0.09375
9.954,-0.11719
9.959,-0.046875
9.964,-0.046875
9.969,0.0625
9.974,-0.039062
9.979,-0.14844
9.984,0.054688
9.989,0.015625
9.994,0.046875
9.999,0.15625
10.004,-0.10938
10.009,-0.22656
10.014,0.039062
10.019,0.085938
10.024,-0.09375
10.029,-0.070312
10.034,0.039062
10.039,-0.09375
10.044,0.34375
10.049,-0.09375
10.054,0.4375
10.059,-0.085938
10.064,-0.21094
10.069,-0.10156
10.074,-0.28906
10.079,0.53125
10.084,-0.054688
10.089,-0.26562
10.094,0.20312
10.099,-0.97656
10.104,0.65625
10.109,-0.17188
10.114,0.28906
10.119,-0.53906
10.124,0.49219
10.129,-0.45312
10.134,0.32031
10.139,0.44531
10.144,-0.94531
10.149,0.49219
10.154,-0.71094
10.159,-0.078125
10.164,-0.16406
10.169,0.070312
10.174,0.16406
10.179,-0.015625
10.184,-0.24219
10.189,0.0078125
10.194,0.17188
10.199,-0.0625
10.204,-0.03125
10.209,0
10.214,-0.085938
10.219,0.085938
10.224,-0.046875
10.229,-0.015625
10.234,0.09375
10.239,-0.09375
10.244,0.078125
10.249,0.28906
10.254,-0.21094
10.259,0.17969
10.264,-0.17969
10.269,-0.17969
10.274,-0.10156
10.279,0.09375
10.284,-0.17188
10.289,0.10156
10.294,-0.13281
10.299,-0.0078125
10.304,0.53125
10.309,-0.11719
10.314,-0.046875
10.319,-0.054688
10.324,-0.13281
10.329,-0.14844
10.334,0.20312
10.339,-0.0078125
10.344,0.32812
10.349,-0.03125
10.354,-0.19531
10.359,0.1875
10.364,-0.3125
10.369,0.10156
10.374,0.015625
10.379,0.023438
10.384,-0.023438
10.389,0.03125
10.394,-0.14062
10.399,0.15625
10.404,-0.10938
10.409,-0.0078125
10.414,-0.16406
10.419,0
10.424,0.070312
10.429,0.085938
10.434,0.0078125
10.439,-0.14844
10.444,0.046875
10.449,-0.03125
10.454,0.015625
10.459,-0.03125
10.464,0.09375
10.469,-0.085938
10.474,0.0078125
10.479,-0.015625
10.484,-0.14062
10.489,-0.023438
10.494,0.17969
10.499,-0.25781
10.504,0.054688
10.509,0.054688
10.514,-0.0078125
10.519,0.0078125
10.524,-0.09375
10.529,-0.039062
10.534,-0.023438
10.539,0.10156
10.544,-0.03125
10.549,0.015625
10.554,-0.054688
10.559,-0.10938
10.564,0.023438
10.569,0.015625
10.574,0.0078125
10.579,0.13281
10.584,-0.10156
10.589,-0.078125
10.594,-0.10938
10.599,0.14844
10.604,0.10156
10.609,-0.0625
10.614,0
10.619,-0.125
10.624,-0.023438
10.629,0.11719
10.634,-0.10938
10.639,-0.15625
10.644,-0.0625
10.649,0.16406
10.654,0.09375
10.659,0.03125
10.664,-0.14844
10.669,-0.070312
10.674,0.28906
10.679,-0.49219
10.684,0.54688
10.689,0.32031
10.694,0.41406
10.699,-0.45312
10.704,-0.0078125
10.709,-0.23438
10.714,0
10.719,-0.17188
10.724,0.67969
10.729,-0.76562
10.734,0.49219
10.739,-0.50781
10.744,0.75
10.749,-0.36719
10.754,-0.83594
10.759,0.80469
10.764,-0.52344
10.769,-0.35156
10.774,0.054688
10.779,0.375
10.784,-0.42188
10.789,-0.078125
10.794,-0.40625
10.799,0.375
10.804,-0.039062
10.809,0.41406
10.814,-0.55469
10.819,0.039062
10.824,-0.39844
10.829,0.14844
10.834,0.19531
10.839,0.125
10.844,-0.42969
10.849,0.19531
10.854,0.23438
10.859,-0.039062
10.864,-0.085938
10.869,0.10938
10.874,0.0625
10.879,-0.054688
10.884,-0.03125
10.889,0.078125
10.894,-0.13281
10.899,0.11719
10.904,-0.023438
10.909,-0.0625
10.914,0.0078125
10.919,-0.11719
10.924,0
10.929,0.046875
10.934,-0.046875
10.939,-0.03125
10.944,0.03125
10.949,0.125
10.954,-0.078125
10.959,-0.023438
10.964,-0.015625
10.969,0.0625
10.974,0.085938
10.979,-0.13281
10.984,-0.015625
10.989,0.03125
10.994,-0.046875
10.999,-0.0625
11.004,0.078125
11.009,-0.023438
11.014,0.039062
11.019,0.070312
11.024,-0.078125
11.029,-0.078125
11.034,0.0625
11.039,-0.054688
11.044,-0.11719
11.049,0.16406
11.054,-0.039062
11.059,0.054688
11.064,0.10938
11.069,-0.046875
11.074,-0.070312
11.079,-0.015625
11.084,0.03125
11.089,-0.0078125
11.094,0.039062
11.099,0.070312
11.104,0.0078125
11.109,-0.039062
11.114,0
11.119,-0.039062
11.124,-0.03125
11.129,0.023438
11.134,-0.0078125
11.139,0.0078125
11.144,0.10938
11.149,-0.09375
11.154,-0.03125
11.159,-0.125
11.164,-0.023438
11.169,0.10156
11.174,0.10938
11.179,0.50781
11.184,-0.54688
11.189,0.054688
11.194,-0.39844
11.199,-0.0078125
11.204,-0.3125
11.209,0.32031
11.214,-0.35156
11.219,-0.92188
11.224,0.42969
11.229,0.52344
11.234,-0.35156
11.239,0.92188
11.244,-0.72656
11.249,0.64844
11.254,-0.34375
11.259,-0.78906
11.264,0.58594
11.269,-0.30469
11.274,-0.5
11.279,0.046875
11.284,0.48438
11.289,0.09375
11.294,0.17188
11.299,0
11.304,-0.21875
11.309,-0.46094
11.314,-0.29688
11.319,0.38281
11.324,0.023438
11.329,-0.54688
11.334,0.51562
11.339,-0.25
11.344,0
11.349,-0.32812
11.354,0.33594
11.359,0.25
11.364,-0.10938
11.369,-0.070312
11.374,0.3125
11.379,-0.11719
11.384,0.085938
11.389,-0.17969
11.394,0.22656
11.399,-0.015625
11.404,0.15625
11.409,0.09375
11.414,-0.11719
11.419,0.039062
11.424,0.046875
11.429,0.078125
11.434,0.26562
11.439,-0.58594
11.444,0.015625
11.449,0.0625
11.454,-0.1875
11.459,0.33594
11.464,-0.26562
11.469,-0.054688
11.474,0.039062
11.479,0.10156
11.484,0.11719
11.489,0.03125
11.494,0.085938
11.499,-0.015625
11.504,0.11719
11.509,-0.17969
11.514,0.13281
11.519,-0.023438
11.524,-0.078125
11.529,0.023438
11.534,0
11.539,0.23438
11.544,-0.0078125
11.549,0.015625
11.554,0
11.559,-0.039062
11.564,-0.09375
11.569,-0.046875
11.574,0.14062
11.579,-0.0625
11.584,-0.13281
11.589,-0.039062
11.594,-0.023438
11.599,-0.03125
11.604,-0.10156
11.609,-0.046875
11.614,0.03125
11.619,-0.070312
11.624,0.72656
11.629,-0.53125
11.634,0.054688
11.639,-0.19531
11.644,-0.13281
11.649,-0.078125
11.654,0.72656
11.659,0.015625
11.664,-0.80469
11.669,0.67969
11.674,-0.078125
11.679,-0.50781
11.684,0.10938
11.689,0.13281
11.694,0.53125
11.699,-0.46094
11.704,0.046875
11.709,-0.48438
11.714,-0.32031
11.719,0.73438
11.724,-0.13281
11.729,-0.47656
11.734,0.3125
11.739,-0.60938
11.744,0.1875
11.749,-0.0078125
11.754,-0.38281
11.759,-0.57812
11.764,0.94531
11.769,-0.50781
11.774,0.24219
11.779,0.039062
11.784,-0.20312
11.789,0.10156
11.794,-0.054688
11.799,0.27344
11.804,-0.27344
11.809,0.36719
11.814,-0.45312
11.819,0.25
11.824,-0.39062
11.829,0.25781
11.834,-0.29688
11.839,0.10156
11.844,0.023438
11.849,-0.046875
11.854,-0.27344
11.859,0.19531
11.864,-0.023438
11.869,0.11719
11.874,-0.25781
11.879,0.26562
11.884,-0.3125
11.889,0.10938
11.894,0.054688
11.899,0.03125
11.904,0.125
11.909,-0.046875
11.914,-0.14062
11.919,0.0078125
11.924,-0.0625
11.929,-0.16406
11.934,0.078125
11.939,-0.0078125
11.944,0.0078125
11.949,-0.0625
11.954,0.13281
11.959,0.023438
11.964,0.10938
11.969,0.03125
11.974,-0.14062
11.979,-0.125
11.984,-0.078125
11.989,0.078125
11.994,-0.054688
11.999,0.023438
12.004,-0.015625
12.009,0.023438
12.014,-0.0078125
12.019,0
12.024,0.054688
12.029,-0.085938
12.034,0.039062
12.039,0.054688
12.044,0.10156
12.049,-0.015625
12.054,0.015625
12.059,0.085938
12.064,-0.11719
12.069,0.09375
12.074,-0.0078125
12.079,0.10938
12.084,-0.070312
12.089,-0.0625
12.094,-0.039062
12.099,-0.054688
12.104,-0.070312
12.109,0.03125
12.114,-0.046875
12.119,-0.015625
12.124,-0.023438
12.129,0.085938
12.134,-0.015625
12.139,-0.09375
12.144,0.015625
12.149,-0.039062
12.154,-0.0078125
12.159,0
12.164,0.10938
12.169,-0.046875
12.174,-0.070312
12.179,0.0078125
12.184,0.0078125
12.189,0.046875
12.194,-0.054688
12.199,-0.085938
12.204,-0.0078125
12.209,0.070312
12.214,-0.070312
12.219,0.054688
12.224,0.0078125
12.229,-0.039062
12.234,0.0625
12.239,-0.10938
12.244,-0.09375
12.249,0
12.254,0.039062
12.259,0.0078125
12.264,-0.03125
12.269,-0.015625
12.274,0
12.279,-0.13281
12.284,-0.0078125
12.289,0.14844
12.294,0.015625
12.299,0.0625
12.304,-0.09375
12.309,-0.046875
12.314,-0.0625
12.319,-0.039062
12.324,-0.0078125
12.329,-0.015625
12.334,0
12.339,0.039062
12.344,-0.023438
12.349,-0.015625
12.354,-0.015625
12.359,0.023438
12.364,0.03125
12.369,-0.046875
12.374,-0.015625
12.379,0.039062
12.384,0
12.389,-0.046875
12.394,-0.0078125
12.399,0.0078125
12.404,-0.0078125
12.409,-0.023438
12.414,0.0078125
12.419,0
12.424,0.0078125
12.429,0
12.434,0
12.439,0
12.444,-0.0078125
12.449,-0.0078125
12.454,-0.0078125
12.459,-0.039062
12.464,0.015625
12.469,0
12.474,-0.0078125
12.479,0.0078125
12.484,-0.03125
12.489,-0.0078125
12.494,0.015625
12.499,0.023438
12.504,0.0078125
12.509,-0.039062
12.514,-0.03125
12.519,0.015625
12.524,-0.0078125
12.529,-0.046875
12.534,0.023438
12.539,0.03125
12.544,-0.054688
12.549,0.015625
12.554,-0.0078125
12.559,0.070312
12.564,-0.023438
12.569,-0.046875
12.574,-0.0078125
12.579,-0.015625
12.584,-0.0078125
12.589,-0.046875
12.594,0
12.599,-0.054688
12.604,0.023438
12.609,0.054688
12.614,-0.078125
12.619,-0.070312
12.624,-0.0625
12.629,0.046875
12.634,0.03125
12.639,0.03125
12.644,-0.039062
12.649,-0.054688
12.654,0.039062
12.659,-0.03125
12.664,-0.0078125
12.669,-0.039062
12.674,-0.10156
12.679,0.125
12.684,0.03125
12.689,0.03125
12.694,-0.023438
12.699,-0.14844
12.704,0.0078125
12.709,0.10938
12.714,-0.0625
12.719,0.09375
12.724,0
12.729,-0.36719
12.734,0.039062
12.739,0.24219
12.744,0.22656
12.749,-0.3125
12.754,-0.09375
12.759,0.070312
12.764,0.22656
12.769,0.023438
12.774,-0.125
12.779,-0.5625
12.784,0.27344
12.789,0.10156
12.794,0.375
12.799,-0.24219
12.804,-0.14062
12.809,-0.039062
12.814,-0.015625
12.819,-0.023438
12.824,-0.375
12.829,0.28906
12.834,0.17969
12.839,-0.039062
12.844,0.039062
12.849,-0.17188
12.854,-0.32031
12.859,-0.20312
12.864,0.49219
12.869,0.33594
12.874,-0.24219
12.879,0.375
12.884,-0.78906
12.889,0.42188
12.894,-0.039062
12.899,-0.046875
12.904,-0.21875
12.909,-0.0078125
12.914,-0.29688
12.919,0.28125
12.924,0.14062
12.929,0.070312
12.934,-0.38281
12.939,0.046875
12.944,-0.5625
12.949,0.49219
12.954,-0.625
12.959,0.039062
12.964,0.32031
12.969,-0.27344
12.974,0.11719
12.979,-0.92188
12.984,0.72656
12.989,-0.53906
12.994,0.5
12.999,0.125
13.004,0.33594
13.009,-0.46875
13.014,0.55469
13.019,-0.25
13.024,-0.72656
13.029,0.59375
13.034,0.015625
13.039,-0.085938
13.044,0.0078125
13.049,-0.46094
13.054,0.22656
13.059,0.17969
13.064,-0.09375
13.069,0.17969
13.074,0.0078125
13.079,0.10156
13.084,-0.039062
13.089,-0.125
13.094,-0.085938
13.099,0.070312
13.104,-0.023438
13.109,-0.070312
13.114,-0.046875
13.119,0.085938
13.124,-0.0078125
13.129,-0.10938
13.134,0.039062
13.139,0.125
13.144,-0.0625
13.149,-0.03125
13.154,-0.0625
13.159,0.015625
13.164,0
13.169,-0.054688
13.174,-0.023438
13.179,0.023438
13.184,-0.015625
13.189,0.039062
13.194,-0.03125
13.199,0.0078125
13.204,-0.046875
13.209,-0.03125
13.214,0.023438
13.219,-0.0078125
13.224,-0.015625
13.229,0.0078125
13.234,0.023438
13.239,-0.039062
13.244,-0.0078125
13.249,-0.0078125
13.254,-0.0078125
13.259,0.03125
13.264,0.046875
13.269,-0.0625
13.274,-0.13281
13.279,0.078125
13.284,0
13.289,-0.085938
13.294,0.023438
13.299,-0.015625
13.304,-0.054688
13.309,-0.0078125
13.314,0.023438
13.319,-0.03125
13.324,-0.078125
13.329,0.054688
13.334,-0.046875
13.339,0.0078125
13.344,-0.070312
13.349,0.11719
13.354,-0.023438
13.359,-0.046875
13.364,-0.0078125
13.369,0.0078125
13.374,0.0078125
13.379,-0.054688
13.384,-0.0078125
13.389,0.078125
13.394,-0.046875
13.399,-0.0078125
13.404,0.10156
13.409,-0.054688
13.414,-0.015625
13.419,-0.023438
13.424,0.023438
13.429,-0.0078125
13.434,-0.27344
13.439,0.28125
13.444,-0.19531
13.449,0.5
13.454,-0.070312
13.459,-0.046875
13.464,-0.078125
13.469,-0.28906
13.474,0.10156
13.479,0.34375
13.484,-0.17969
13.489,-0.30469
13.494,0.36719
13.499,-0.375
13.504,0.44531
13.509,-0.39062
13.514,0.054688
13.519,-0.17969
13.524,-0.070312
13.529,0
13.534,-0.10156
13.539,-0.26562
13.544,0.25781
13.549,0.39062
13.554,-0.039062
13.559,0.11719
13.564,-0.39062
13.569,0.078125
13.574,0.3125
13.579,-0.39844
13.584,0.21094
13.589,0.17969
13.594,-0.046875
13.599,0.11719
13.604,-0.82031
13.609,0.070312
13.614,0.26562
13.619,-0.0078125
13.624,-0.23438
13.629,0.10156
13.634,-0.070312
13.639,-0.085938
13.644,0.046875
13.649,-0.19531
13.654,-0.29688
13.659,0.14844
13.664,0
13.669,-0.09375
13.674,-0.21875
13.679,0.375
13.684,0.36719
13.689,0.039062
13.694,-0.375
13.699,0.46094
13.704,0.015625
13.709,-0.41406
13.714,0.47656
13.719,0.14844
13.724,0.35938
13.729,-0.71094
13.734,-0.5625
13.739,0.44531
13.744,0.17969
13.749,-0.28906
13.754,-0.085938
13.759,-0.375
13.764,0.5625
13.769,-0.21094
13.774,0.84375
13.779,-0.83594
13.784,0.51562
13.789,-0.46094
13.794,0.26562
13.799,-0.59375
13.804,0.54688
13.809,0.32812
13.814,-0.72656
13.819,0.32812
13.824,-0.25781
13.829,-0.22656
13.834,0.41406
13.839,-0.32812
13.844,-0.14844
13.849,0.6875
13.854,-0.70312
13.859,0.46094
13.864,-0.67969
13.869,-0.29688
13.874,0.14844
13.879,-0.42969
13.884,-0.41406
13.889,0.55469
13.894,-1
13.899,0.76562
13.904,-0.61719
13.909,-0.53125
13.914,-0.375
13.919,-0.25781
13.924,-0.64062
13.929,0.64062
13.934,0.57031
13.939,-0.60156
13.944,0.60938
13.949,-0.92969
13.954,0.95312
13.959,-0.53906
13.964,0.070312
13.969,0.25781
13.974,-0.34375
13.979,0.26562
13.984,-0.25781
13.989,0.0625
13.994,0.28125
13.999,-0.0078125
14.004,-0.046875
14.009,-0.27344
14.014,-0.38281
14.019,0.10938
14.024,0.375
14.029,-0.125
14.034,0.046875
14.039,-0.070312
14.044,-0.070312
14.049,0.085938
14.054,-0.0078125
14.059,0.070312
14.064,-0.21094
14.069,0.14062
14.074,-0.015625
14.079,-0.125
14.084,-0.13281
14.089,0.078125
14.094,-0.21875
14.099,0
14.104,0.039062
14.109,0.046875
14.114,-0.125
14.119,0.085938
14.124,-0.0625
14.129,-0.078125
14.134,0.054688
14.139,0.070312
14.144,-0.13281
14.149,-0.023438
14.154,0.046875
14.159,-0.078125
14.164,0.015625
14.169,0.015625
14.174,-0.054688
14.179,0.03125
14.184,-0.046875
14.189,0.039062
14.194,-0.078125
14.199,-0.0078125
14.204,0
14.209,0.039062
14.214,-0.046875
14.219,0.015625
14.224,-0.039062
14.229,0
14.234,0.0078125
14.239,-0.0078125
14.244,-0.078125
14.249,0.03125
14.254,-0.03125
14.259,-0.0625
14.264,0.023438
14.269,0.03125
14.274,-0.03125
14.279,-0.023438
14.284,-0.0078125
14.289,-0.0078125
14.294,0.023438
14.299,0.039062
14.304,-0.03125
14.309,0.039062
14.314,-0.26562
14.319,-0.078125
14.324,0.38281
14.329,0
14.334,0.27344
14.339,-0.28125
14.344,-0.10938
14.349,-0.14062
14.354,-0.023438
14.359,0.21875
14.364,-0.054688
14.369,0.085938
14.374,-0.16406
14.379,0.28125
14.384,-0.21875
14.389,0.03125
14.394,-0.03125
14.399,0.17188
14.404,-0.3125
14.409,0.17969
14.414,-0.21094
14.419,-0.039062
14.424,0.023438
14.429,0.015625
14.434,0.22656
14.439,-0.24219
14.444,0.0078125
14.449,-0.14062
14.454,0.42969
14.459,0.13281
14.464,0.25781
14.469,-0.32812
14.474,0
14.479,-0.21094
14.484,-0.0078125
14.489,0.20312
14.494,-0.44531
14.499,0.21094
14.504,-0.09375
14.509,0.21094
14.514,0.078125
14.519,-0.16406
14.524,-0.4375
14.529,0.72656
14.534,-0.375
14.539,-0.3125
14.544,-0.27344
14.549,0.10156
14.554,-0.57812
14.559,0.92188
14.564,-0.91406
14.569,0.0625
14.574,0.55469
14.579,-0.25
14.584,0.60938
14.589,-0.42969
14.594,-0.32031
14.599,0.15625
14.604,-0.46094
14.609,-0.25
14.614,0.53125
14.619,-0.32812
14.624,0.42969
14.629,-0.39844
14.634,0.26562
14.639,-0.25
14.644,0.83594
14.649,0.10156
14.654,0.11719
14.659,-0.41406
14.664,-0.78906
14.669,-0.10938
14.674,-0.023438
14.679,0.69531
14.684,-0.78125
14.689,-0.09375
14.694,-0.79688
14.699,0.17969
14.704,0.99219
14.709,-0.29688
14.714,-0.28906
14.719,-0.73438
14.724,0.3125
14.729,-0.76562
14.734,0.29688
14.739,-0.10938
14.744,-0.25781
14.749,0.75
14.754,0.10938
14.759,-0.19531
14.764,-0.21094
14.769,0.28125
14.774,-0.046875
14.779,0.19531
14.784,-0.27344
14.789,-0.75
14.794,0.53906
14.799,-0.71094
14.804,0.125
14.809,-0.24219
14.814,-0.26562
14.819,0.53906
14.824,-0.14062
14.829,0.10938
14.834,-0.24219
14.839,-0.023438
14.844,0.21875
14.849,0.10938
14.854,0
14.859,0
14.864,-0.15625
14.869,0.0625
14.874,0.015625
14.879,-0.054688
14.884,0.015625
14.889,0.1875
14.894,-0.023438
14.899,-0.1875
14.904,0.21875
14.909,-0.023438
14.914,-0.046875
14.919,0.054688
14.924,0.085938
14.929,-0.078125
14.934,0.0078125
14.939,0.070312
14.944,-0.03125
14.949,0.13281
14.954,-0.10156
14.959,0.0078125
14.964,-0.03125
14.969,-0.039062
14.974,0.023438
14.979,-0.10938
14.984,0.25
14.989,-0.054688
14.994,-0.03125
14.999,-0.0078125
15.004,-0.085938
15.009,0.039062
15.014,0.03125
15.019,-0.046875
15.024,0.0078125
15.029,0.046875
15.034,-0.039062
15.039,0.023438
15.044,-0.023438
15.049,-0.023438
15.054,-0.085938
15.059,0.039062
15.064,-0.039062
15.069,-0.03125
15.074,0.023438
15.079,0.0078125
15.084,0.0078125
15.089,0
15.094,0
15.099,0.03125
15.104,-0.03125
15.109,-0.015625
15.114,-0.023438
15.119,-0.023438
15.124,0.0078125
15.129,0.0078125
15.134,0.0078125
15.139,0.0078125
15.144,-0.03125
15.149,-0.039062
15.154,0.0078125
15.159,0.070312
15.164,-0.10156
15.169,-0.0625
15.174,0.015625
15.179,-0.046875
15.184,0.10938
15.189,0.046875
15.194,-0.046875
15.199,-0.023438
15.204,-0.039062
15.209,-0.0625
15.214,0.039062
15.219,0
15.224,-0.054688
15.229,0.046875
15.234,-0.03125
15.239,-0.015625
15.244,0.054688
15.249,-0.023438
15.254,0
15.259,0
15.264,-0.015625
15.269,0
15.274,-0.023438
15.279,-0.0078125
15.284,0.0078125
15.289,0.015625
15.294,0.023438
15.299,-0.0078125
15.304,-0.015625
15.309,-0.03125
15.314,0.0078125
15.319,-0.015625
15.324,-0.023438
15.329,0.0078125
15.334,-0.015625
15.339,0
15.344,-0.015625
15.349,0.023438
15.354,-0.023438
15.359,0.023438
15.364,0.0078125
15.369,-0.054688
15.374,0
15.379,-0.023438
15.384,0.0078125
15.389,-0.0078125
15.394,0
15.399,0.0625
15.404,-0.11719
15.409,0.039062
15.414,0.046875
15.419,-0.0625
15.424,0.078125
15.429,-0.039062
15.434,-0.023438
15.439,-0.046875
15.444,-0.09375
15.449,0.03125
15.454,-0.0078125
15.459,-0.0078125
15.464,-0.03125
15.469,0
15.474,-0.0625
15.479,0.03125
15.484,0
15.489,0.023438
15.494,0.015625
15.499,-0.085938
15.504,-0.03125
15.509,-0.0078125
15.514,-0.015625
15.519,0.10156
15.524,-0.015625
15.529,0
15.534,-0.0078125
15.539,0
15.544,0.070312
15.549,0.054688
15.554,-0.10156
15.559,-0.09375
15.564,0.039062
15.569,0.27344
15.574,0.03125
15.579,0
15.584,-0.039062
15.589,-0.09375
15.594,0.085938
15.599,0.015625
15.604,0.085938
15.609,-0.14062
15.614,-0.039062
15.619,-0.054688
15.624,0.085938
15.629,0.023438
15.634,0.0625
15.639,-0.0625
15.644,-0.0078125
15.649,-0.19531
15.654,-0.015625
15.659,0.0078125
15.664,0.10938
15.669,0.0078125
15.674,-0.14844
15.679,-0.070312
15.684,-0.070312
15.689,0.24219
15.694,-0.0078125
15.699,-0.023438
15.704,-0.16406
15.709,-0.10938
15.714,-0.078125
15.719,0.09375
15.724,0.0078125
15.729,-0.046875
15.734,-0.14062
15.739,-0.070312
15.744,0.09375
15.749,-0.015625
15.754,0.03125
15.759,-0.16406
15.764,0.22656
15.769,-0.10938
15.774,0.03125
15.779,-0.023438
15.784,-0.11719
15.789,0.09375
15.794,-0.11719
15.799,0.023438
15.804,0.09375
15.809,0.078125
15.814,-0.14062
15.819,0.11719
15.824,-0.25781
15.829,0.085938
15.834,0.078125
15.839,0
15.844,0.24219
15.849,-0.36719
15.854,-0.078125
15.859,0.10156
15.864,-0.09375
15.869,0.023438
15.874,-0.14062
15.879,0.29688
15.884,-0.14844
15.889,-0.19531
15.894,0.24219
15.899,0.0625
15.904,-0.078125
15.909,-0.023438
15.914,0.015625
15.919,0.015625
15.924,0.078125
15.929,-0.22656
15.934,0.15625
15.939,-0.054688
15.944,-0.13281
15.949,0.11719
15.954,-0.039062
15.959,0.125
15.964,0
15.969,0.17969
15.974,0.046875
15.979,-0.17969
15.984,0.023438
15.989,0.015625
15.994,-0.039062
15.999,-0.10156
16.004,0.0078125
16.009,-0.0078125
16.014,0.10938
16.019,-0.1875
16.024,0.085938
16.029,0
16.034,0.039062
16.039,-0.015625
16.044,-0.16406
16.049,0.14062
16.054,0.039062
16.059,0.0078125
16.064,-0.0625
16.069,-0.14062
16.074,0.17969
16.079,-0.070312
16.084,0.046875
16.089,-0.0078125
16.094,-0.085938
16.099,0.125
16.104,-0.085938
16.109,-0.0078125
16.114,0.17188
16.119,-0.13281
16.124,0.16406
16.129,-0.0625
16.134,-0.25
16.139,0.20312
16.144,-0.17188
16.149,0.16406
16.154,-0.16406
16.159,0.078125
16.164,-0.10938
16.169,0.039062
16.174,-0.054688
16.179,-0.03125
16.184,-0.046875
16.189,0.0625
16.194,0.10156
16.199,-0.27344
16.204,0.28125
16.209,-0.27344
16.214,-0.03125
16.219,0.03125
16.224,-0.35156
16.229,0.39062
16.234,0.09375
16.239,-0.10156
16.244,-0.14062
16.249,0.078125
16.254,-0.13281
16.259,0.35156
16.264,-0.20312
16.269,0.0078125
16.274,-0.10156
16.279,0.070312
16.284,-0.0625
16.289,0.1875
16.294,-0.046875
16.299,-0.11719
16.304,0.375
16.309,-0.41406
16.314,0.28125
16.319,-0.21094
16.324,-0.070312
16.329,0.085938
16.334,-0.44531
16.339,0.0078125
16.344,0.70312
16.349,-0.13281
16.354,0
16.359,-0.53906
16.364,0.22656
16.369,-0.17188
16.374,0.14844
16.379,-0.32031
16.384,0.078125
16.389,0.039062
16.394,0.015625
16.399,-0.25
16.404,-0.47656
16.409,0.28906
16.414,-0.47656
16.419,0.99219
16.424,-0.11719
16.429,-0.0625
16.434,-0.64844
16.439,0.015625
16.444,0.82031
16.449,-0.41406
16.454,0.60156
16.459,-0.27344
16.464,-0.50781
16.469,0.085938
16.474,0.64062
16.479,-0.21875
16.484,-0.11719
16.489,-0.65625
16.494,0.11719
16.499,0.55469
16.504,-0.20312
16.509,-0.015625
16.514,0.23438
16.519,-0.13281
16.524,-0.015625
16.529,0.023438
16.534,-0.046875
16.539,0.070312
16.544,0.078125
16.549,0.0625
16.554,-0.13281
16.559,-0.1875
16.564,-0.070312
16.569,0.13281
16.574,-0.10156
16.579,-0.19531
16.584,0
16.589,0.42188
16.594,-0.09375
16.599,0.046875
16.604,0.070312
16.609,-0.0078125
16.614,-0.078125
16.619,0.0078125
16.624,-0.16406
16.629,0.11719
16.634,0.0625
16.639,-0.0078125
16.644,-0.039062
16.649,0.023438
16.654,0.0078125
16.659,0.015625
16.664,0.054688
16.669,-0.054688
16.674,0.023438
16.679,0.039062
16.684,-0.054688
16.689,-0.0625
16.694,0.03125
16.699,0.039062
16.704,0
16.709,-0.046875
16.714,-0.015625
16.719,0.0078125
16.724,0.03125
16.729,-0.039062
16.734,0.0078125
16.739,-0.023438
16.744,0.078125
16.749,0
16.754,-0.046875
16.759,0.046875
16.764,-0.10938
16.769,-0.0078125
16.774,-0.0078125
16.779,0.015625
16.784,-0.078125
16.789,-0.046875
16.794,-0.023438
16.799,0.10156
16.804,-0.023438
16.809,-0.09375
16.814,-0.023438
16.819,-0.023438
16.824,0
16.829,0.039062
16.834,-0.015625
16.839,-0.039062
16.844,0.015625
16.849,-0.015625
16.854,-0.03125
16.859,-0.03125
16.864,0.085938
16.869,-0.039062
16.874,0.046875
16.879,-0.023438
16.884,-0.0625
16.889,0.070312
16.894,-0.11719
16.899,0.36719
16.904,-0.19531
16.909,0.015625
16.914,-0.085938
16.919,-0.11719
16.924,0.046875
16.929,-0.046875
16.934,0.023438
16.939,-0.070312
16.944,0.03125
16.949,0.0078125
16.954,0.054688
16.959,0.0078125
16.964,-0.03125
16.969,-0.03125
16.974,0.070312
16.979,-0.023438
16.984,0.03125
16.989,-0.023438
16.994,-0.0625
16.999,-0.023438
17.004,0.015625
17.009,0.039062
17.014,-0.039062
17.019,-0.03125
17.024,-0.054688
17.029,0.03125
17.034,-0.0078125
17.039,0.0078125
17.044,-0.054688
17.049,0.015625
17.054,0.078125
17.059,-0.023438
17.064,0.015625
17.069,-0.054688
17.074,-0.023438
17.079,-0.023438
17.084,0.0078125
17.089,0.0078125
17.094,0.015625
17.099,-0.0078125
17.104,0.0078125
17.109,0
17.114,-0.085938
17.119,0.0078125
17.124,-0.046875
17.129,0
17.134,0.03125
17.139,-0.0078125
17.144,-0.14062
17.149,0.039062
17.154,-0.046875
17.159,-0.078125
17.164,0.070312
17.169,0
17.174,-0.078125
17.179,0.03125
17.184,0.10156
17.189,0.039062
17.194,0.039062
17.199,-0.10156
17.204,-0.0078125
17.209,-0.070312
17.214,0.125
17.219,-0.023438
17.224,0.09375
17.229,-0.10938
17.234,-0.085938
17.239,-0.0078125
17.244,0.15625
17.249,-0.046875
17.254,0.046875
17.259,-0.039062
17.264,-0.039062
17.269,-0.078125
17.274,0.078125
17.279,-0.023438
17.284,-0.085938
17.289,0.03125
17.294,0.039062
17.299,0.11719
17.304,-0.14062
17.309,-0.16406
17.314,0.054688
17.319,-0.046875
17.324,0.0625
17.329,0.015625
17.334,0.023438
17.339,-0.09375
17.344,-0.0078125
17.349,0.054688
17.354,-0.14062
17.359,0.10938
17.364,-0.085938
17.369,0.015625
17.374,-0.125
17.379,0.085938
17.384,-0.046875
17.389,0.023438
17.394,0.20312
17.399,-0.03125
17.404,0.046875
17.409,0.015625
17.414,-0.17188
17.419,0.0078125
17.424,0.046875
17.429,-0.070312
17.434,0.054688
17.439,-0.054688
17.444,-0.085938
17.449,0.015625
17.454,-0.10156
17.459,0.039062
17.464,-0.023438
17.469,-0.10938
17.474,0.0625
17.479,-0.21094
17.484,-0.17969
17.489,0.35156
17.494,-0.17188
17.499,-0.14062
17.504,-0.078125
17.509,0.11719
17.514,0.078125
17.519,0.125
17.524,0.015625
17.529,-0.17188
17.534,0.0078125
17.539,0.070312
17.544,0.054688
17.549,0
17.554,0.078125
17.559,-0.078125
17.564,0.28125
17.569,0.0078125
17.574,-0.4375
17.579,0.34375
17.584,0.10156
17.589,-0.14062
17.594,0.070312
17.599,-0.16406
17.604,0.32812
17.609,-0.078125
17.614,0.0625
17.619,-0.53125
17.624,0.33594
17.629,0.48438
17.634,-0.10156
17.639,0.19531
17.644,-0.21094
17.649,0.039062
17.654,0.046875
17.659,-0.17188
17.664,-0.22656
17.669,-0.17188
17.674,0.085938
17.679,0.14062
17.684,-0.1875
17.689,0.0625
17.694,-0.015625
17.699,0.11719
17.704,0
17.709,-0.20312
17.714,0
17.719,0.015625
17.724,-0.14062
17.729,0.15625
17.734,-0.046875
17.739,0.078125
17.744,0.10938
17.749,-0.21875
17.754,0.078125
17.759,-0.03125
17.764,-0.125
17.769,0.070312
17.774,-0.023438
17.779,0.054688
17.784,0.0078125
17.789,-0.14062
17.794,-0.03125
17.799,0.03125
17.804,0.046875
17.809,0.0625
17.814,0.0625
17.819,-0.32812
17.824,-0.17188
17.829,0.42969
17.834,-0.46094
17.839,0.14844
17.844,0.0078125
17.849,-0.17969
17.854,0.52344
17.859,0.023438
17.864,-0.13281
17.869,-0.125
17.874,-0.17188
17.879,0
17.884,0.28906
17.889,-0.0078125
17.894,0.28125
17.899,-0.27344
17.904,0.023438
17.909,0.39062
17.914,0.36719
17.919,0.16406
17.924,-0.80469
17.929,0.42188
17.934,-0.10938
17.939,-0.22656
17.944,-0.20312
17.949,-0.44531
17.954,-0.085938
17.959,0.3125
17.964,0.30469
17.969,0.3125
17.974,-0.26562
17.979,-0.3125
17.984,0.078125
17.989,-0.1875
17.994,0.17188
17.999,-0.32812
18.004,-0.0625
18.009,-0.11719
18.014,-0.13281
18.019,0
18.024,0.125
18.029,-0.24219
18.034,-0.125
18.039,-0.10156
18.044,0.29688
18.049,-0.10938
18.054,-0.085938
18.059,0.25781
18.064,-0.0625
18.069,-0.14844
18.074,0.039062
18.079,0.0625
18.084,0.17188
18.089,-0.10938
18.094,-0.054688
18.099,0.085938
18.104,-0.085938
18.109,-0.015625
18.114,-0.14844
18.119,0.17188
18.124,-0.046875
18.129,-0.078125
18.134,-0.046875
18.139,0.085938
18.144,-0.015625
18.149,-0.023438
18.154,0.039062
18.159,0
18.164,-0.015625
18.169,0.039062
18.174,0.0078125
18.179,0.03125
18.184,-0.16406
18.189,-0.023438
18.194,0.023438
18.199,-0.03125
18.204,0.015625
18.209,-0.039062
18.214,0.0625
18.219,0.015625
18.224,0.03125
18.229,-0.0078125
18.234,0.039062
18.239,-0.023438
18.244,-0.17188
18.249,0.0625
18.254,0.054688
18.259,-0.015625
18.264,0.03125
18.269,-0.0078125
18.274,-0.054688
18.279,0.0078125
18.284,0.085938
18.289,-0.078125
18.294,-0.015625
18.299,0.0078125
18.304,0.0078125
18.309,0
18.314,-0.039062
18.319,0.015625
18.324,0.023438
18.329,-0.0078125
18.334,-0.015625
18.339,-0.015625
18.344,-0.023438
18.349,-0.039062
18.354,-0.0078125
18.359,-0.023438
18.364,0.023438
18.369,-0.046875
18.374,0.046875
18.379,-0.0078125
18.384,0.03125
18.389,0.0078125
18.394,-0.046875
18.399,0.023438
18.404,-0.039062
18.409,0.0078125
18.414,-0.015625
18.419,0
18.424,-0.0078125
18.429,-0.015625
18.434,-0.0625
18.439,0
18.444,-0.039062
18.449,-0.039062
18.454,0.0078125
18.459,0.125
18.464,-0.14062
18.469,0.0078125
18.474,0.10938
18.479,-0.11719
18.484,0.14844
18.489,-0.17188
18.494,-0.03125
18.499,0.11719
18.504,-0.085938
18.509,0.0625
18.514,0.054688
18.519,-0.13281
18.524,-0.11719
18.529,0.14062
18.534,0.054688
18.539,-0.023438
18.544,-0.015625
18.549,-0.11719
18.554,-0.054688
18.559,-0.11719
18.564,0.14844
18.569,0.39844
18.574,-0.16406
18.579,-0.26562
18.584,-0.078125
18.589,0.11719
18.594,0.078125
18.599,-0.0078125
18.604,0.078125
18.609,-0.36719
18.614,0.039062
18.619,0.15625
18.624,0.14062
18.629,0.0625
18.634,-0.42188
18.639,0.35156
18.644,0.070312
18.649,-0.30469
18.654,-0.015625
18.659,-0.28125
18.664,0.09375
18.669,-0.19531
18.674,0.5
18.679,0.36719
18.684,-0.6875
18.689,-0.25781
18.694,-0.078125
18.699,0.28125
18.704,-0.35156
18.709,0.3125
18.714,0.39844
18.719,-0.69531
18.724,0.95312
18.729,-0.8125
18.734,0.99219
18.739,-0.58594
18.744,-0.45312
18.749,0.98438
18.754,-1
18.759,-0.82812
18.764,-0.49219
18.769,0.8125
18.774,-0.86719
18.779,0.99219
18.784,-0.24219
18.789,-0.36719
18.794,-0.3125
18.799,0.085938
18.804,0.92969
18.809,-0.42969
18.814,-0.52344
18.819,-0.14062
18.824,0.41406
18.829,0.10938
18.834,-0.34375
18.839,0.61719
18.844,0.42188
18.849,-0.085938
18.854,-0.35938
18.859,0.4375
18.864,-0.4375
18.869,-0.48438
18.874,0.89844
18.879,-0.28906
18.884,0.125
18.889,-0.79688
18.894,-0.17969
18.899,0.58594
18.904,0.054688
18.909,-0.64062
18.914,0.89062
18.919,-0.054688
18.924,-0.84375
18.929,0.76562
18.934,-0.28906
18.939,-0.95312
18.944,0.625
18.949,-0.35938
18.954,0.58594
18.959,-0.90625
18.964,-0.070312
18.969,0.39062
18.974,-0.32812
18.979,-0.085938
18.984,-0.30469
18.989,-0.5625
18.994,0.14062
18.999,-0.32812
19.004,-0.78125
19.009,0.015625
19.014,0.24219
19.019,0.0078125
19.024,-0.38281
19.029,-0.125
19.034,-0.42969
19.039,0.50781
19.044,-0.47656
19.049,0.75781
19.054,0.375
19.059,-0.078125
19.064,0.25
19.069,0.0078125
19.074,-0.125
19.079,0.039062
19.084,-0.10938
19.089,0.79688
19.094,-0.16406
19.099,-0.32812
19.104,-0.17188
19.109,-0.27344
19.114,-0.34375
19.119,0.39062
19.124,0.71094
19.129,0.17188
19.134,-0.33594
19.139,0
19.144,-0.15625
19.149,0.71875
19.154,-0.046875
19.159,-0.11719
19.164,0.14844
19.169,0.50781
19.174,0.17188
19.179,-0.19531
19.184,0.22656
19.189,-0.09375
19.194,-0.42969
19.199,0.16406
19.204,-0.39062
19.209,-0.66406
19.214,0.22656
19.219,-0.17969
19.224,-0.40625
19.229,0.3125
19.234,-0.57812
19.239,0.70312
19.244,-0.33594
19.249,-0.28906
19.254,-0.32031
19.259,0.53125
19.264,0.21094
19.269,-0.26562
19.274,0.14062
19.279,-0.65625
19.284,-0.19531
19.289,0.19531
19.294,0.3125
19.299,-0.73438
19.304,0.45312
19.309,-0.41406
19.314,0.23438
19.319,0.14062
19.324,-0.0625
19.329,-0.039062
19.334,0.17188
19.339,-0.085938
19.344,0.125
19.349,-0.10156
19.354,0.039062
19.359,-0.0625
19.364,0.11719
19.369,-0.14062
19.374,-0.14062
19.379,0.13281
19.384,0.10156
19.389,-0.16406
19.394,-0.054688
19.399,0.0625
19.404,0.015625
19.409,-0.17969
19.414,0.046875
19.419,0.0078125
19.424,-0.0625
19.429,0.023438
19.434,0.10156
19.439,-0.046875
19.444,0.0078125
19.449,-0.023438
19.454,-0.03125
19.459,0.015625
19.464,0.03125
19.469,-0.03125
19.474,0.046875
19.479,-0.0078125
19.484,0.070312
19.489,-0.0625
19.494,-0.015625
19.499,0.023438
19.504,-0.054688
19.509,-0.054688
19.514,0
19.519,0.054688
19.524,-0.0625
19.529,-0.13281
19.534,0.17188
19.539,-0.17188
19.544,-0.054688
19.549,0.023438
19.554,0.1875
19.559,0.17969
19.564,-0.4375
19.569,0.054688
19.574,-0.14844
19.579,0.09375
19.584,0.0625
19.589,-0.11719
19.594,-0.11719
19.599,-0.11719
19.604,0.39844
19.609,0
19.614,-0.14844
19.619,0.023438
19.624,0.054688
19.629,0.03125
19.634,0.070312
19.639,0.14062
19.644,-0.32031
19.649,0.14062
19.654,0.26562
19.659,0.054688
19.664,0.039062
19.669,-0.09375
19.674,-0.15625
19.679,0
19.684,0.039062
19.689,-0.03125
19.694,-0.125
19.699,0.21875
19.704,0.61719
19.709,-0.67969
19.714,-0.046875
19.719,0.36719
19.724,-0.1875
19.729,0.46094
19.734,-0.26562
19.739,0.10156
19.744,-0.070312
19.749,0.15625
19.754,-0.1875
19.759,0
19.764,0.35938
19.769,0.09375
19.774,-0.10156
19.779,0.0625
19.784,-0.50781
19.789,-0.085938
19.794,0.47656
19.799,-0.3125
19.804,-0.32031
19.809,-0.32812
19.814,-0.085938
19.819,-0.085938
19.824,0.32031
19.829,0.41406
19.834,-0.125
19.839,-0.64062
19.844,0.015625
19.849,0.78906
19.854,-0.35156
19.859,0.48438
19.864,-0.22656
19.869,0.48438
19.874,0.70312
19.879,-0.72656
19.884,-0.0078125
19.889,-0.38281
19.894,0.46875
19.899,0.57031
19.904,0.46875
19.909,-0.38281
19.914,-0.11719
19.919,0.23438
19.924,0.10156
19.929,0.29688
19.934,-0.23438
19.939,0
19.944,-0.10156
19.949,0.49219
19.954,0.046875
19.959,-0.27344
19.964,-0.22656
19.969,-0.38281
19.974,-0.32031
19.979,0.10938
19.984,0.10938
19.989,-0.17188
19.994,0.070312
19.999,-0.32031
20.004,-0.054688
20.009,-0.17188
20.014,-0.13281
