0.023998,-0.039062
0.028998,0.023438
0.033998,-0.046875
0.038998,-0.0625
0.043998,-0.023438
0.048998,0.023438
0.053998,0.015625
0.058998,-0.023438
0.063998,0.015625
0.068998,-0.0078125
0.073998,-0.0625
0.078998,-0.015625
0.083998,0.03125
0.088998,-0.0078125
0.093998,-0.03125
0.098998,0.039062
0.104,-0.03125
0.109,-0.0078125
0.114,-0.023438
0.119,-0.054688
0.124,0
0.129,-0.03125
0.134,0.054688
0.139,0.070312
0.144,-0.015625
0.149,0.039062
0.154,-0.039062
0.159,-0.039062
0.164,0
0.169,-0.0078125
0.174,-0.015625
0.179,-0.03125
0.184,-0.023438
0.189,-0.0078125
0.194,0.015625
0.199,-0.015625
0.204,-0.023438
0.209,-0.0078125
0.214,-0.023438
0.219,0.0078125
0.224,-0.0078125
0.229,-0.023438
0.234,0.023438
0.239,-0.0078125
0.244,0
0.249,-0.023438
0.254,0.039062
0.259,0.023438
0.264,-0.16406
0.269,0.046875
0.274,0.054688
0.279,0.14062
0.284,-0.23438
0.289,0.14844
0.294,-0.21094
0.299,0.039062
0.304,0.125
0.309,-0.11719
0.314,0.15625
0.319,-0.14844
0.324,0.27344
0.329,-0.28125
0.334,-0.085938
0.339,-0.078125
0.344,-0.054688
0.349,0.13281
0.354,0.13281
0.359,-0.09375
0.364,-0.015625
0.369,-0.070312
0.374,-0.14062
0.379,0.20312
0.384,-0.09375
0.389,-0.0078125
0.394,-0.078125
0.399,-0.070312
0.404,-0.17969
0.409,0.35938
0.414,0.09375
0.419,-0.078125
0.424,-0.023438
0.429,-0.17969
0.434,-0.0078125
0.439,-0.015625
0.444,0.0078125
0.449,-0.078125
0.454,0.21875
0.459,-0.22656
0.464,0.10938
0.469,-0.015625
0.474,-0.070312
0.479,0.20312
0.484,0.023438
0.489,-0.11719
0.494,0.34375
0.499,-0.34375
0.504,0.28906
0.509,-0.015625
0.514,-0.19531
0.519,0.14844
0.524,0.070312
0.529,-0.11719
0.534,0.09375
0.539,-0.24219
0.544,0.14062
0.549,0.085938
0.554,-0.14062
0.559,0.054688
0.564,0.023438
0.569,0.10156
0.574,-0.085938
0.579,0.015625
0.584,-0.14844
0.589,0.054688
0.594,0.14062
0.599,0
0.604,-0.125
0.609,0.039062
0.614,-0.29688
0.619,-0.070312
0.624,-0.0078125
0.629,0.19531
0.634,-0.14062
0.639,-0.03125
0.644,-0.14844
0.649,-0.10938
0.654,-0.039062
0.659,0.10156
0.664,-0.03125
0.669,-0.20312
0.674,0.27344
0.679,-0.070312
0.684,0.14844
0.689,-0.21875
0.694,-0.48438
0.699,0.64062
0.704,-0.015625
0.709,-0.015625
0.714,-0.125
0.719,0.28906
0.724,-0.15625
0.729,-0.023438
0.734,0.10938
0.739,-0.1875
0.744,-0.054688
0.749,-0.0078125
0.754,0.0625
0.759,-0.10938
0.764,-0.10938
0.769,0.39062
0.774,0.17969
0.779,-0.19531
0.784,-0.10156
0.789,0.21094
0.794,0.125
0.799,-0.03125
0.804,-0.09375
0.809,-0.10156
0.814,0.0078125
0.819,-0.16406
0.824,-0.023438
0.829,0.23438
0.834,-0.23438
0.839,-0.023438
0.844,0.03125
0.849,-0.046875
0.854,-0.21875
0.859,0.0625
0.864,0.09375
0.869,0.039062
0.874,0.015625
0.879,-0.015625
0.884,-0.039062
0.889,-0.13281
0.894,0.078125
0.899,-0.078125
0.904,0.0078125
0.909,-0.085938
0.914,0.085938
0.919,-0.015625
0.924,-0.0078125
0.929,-0.015625
0.934,-0.015625
0.939,-0.046875
0.944,0.070312
0.949,-0.085938
0.954,-0.078125
0.959,0.11719
0.964,0.03125
0.969,-0.078125
0.974,0.023438
0.979,-0.0078125
0.984,-0.0625
0.989,0
0.994,0.14062
0.999,-0.03125
1.004,0.0078125
1.009,-0.070312
1.014,-0.039062
1.019,-0.023438
1.024,0.046875
1.029,-0.023438
1.034,-0.0078125
1.039,-0.0078125
1.044,0.015625
1.049,0.0078125
1.054,-0.015625
1.059,-0.015625
1.064,0.015625
1.069,0.0078125
1.074,-0.015625
1.079,-0.0078125
1.084,-0.023438
1.089,-0.054688
1.094,0.078125
1.099,-0.015625
1.104,0.0078125
1.109,-0.054688
1.114,-0.03125
1.119,-0.0078125
1.124,0
1.129,0
1.134,0.0078125
1.139,0
1.144,-0.015625
1.149,0.015625
1.154,-0.015625
1.159,-0.039062
1.164,-0.023438
1.169,-0.015625
1.174,0.023438
1.179,-0.0078125
1.184,-0.023438
1.189,-0.03125
1.194,-0.054688
1.199,-0.0078125
1.204,0.0625
1.209,-0.03125
1.214,-0.0078125
1.219,-0.0078125
1.224,-0.0078125
1.229,0.0078125
1.234,-0.015625
1.239,0.039062
1.244,-0.039062
1.249,0.023438
1.254,-0.039062
1.259,0
1.264,0.0078125
1.269,0.0078125
1.274,-0.03125
1.279,0.015625
1.284,-0.0078125
1.289,0.0078125
1.294,0.054688
1.299,-0.0078125
1.304,-0.023438
1.309,-0.03125
1.314,-0.015625
1.319,-0.023438
1.324,0.0078125
1.329,-0.023438
1.334,-0.039062
1.339,0.023438
1.344,-0.015625
1.349,0.015625
1.354,-0.03125
1.359,-0.039062
1.364,0.03125
1.369,-0.03125
1.374,0.054688
1.379,-0.015625
1.384,-0.09375
1.389,0.054688
1.394,0.03125
1.399,0
1.404,-0.023438
1.409,-0.09375
1.414,-0.046875
1.419,0.046875
1.424,0.015625
1.429,0.0078125
1.434,0
1.439,-0.039062
1.444,-0.015625
1.449,0.015625
1.454,-0.046875
1.459,-0.015625
1.464,0
1.469,-0.015625
1.474,-0.023438
1.479,-0.023438
1.484,0.023438
1.489,0.015625
1.494,-0.015625
1.499,0.0625
1.504,0.03125
1.509,-0.0078125
1.514,0.0078125
1.519,-0.015625
1.524,-0.070312
1.529,0
1.534,-0.0078125
1.539,-0.054688
1.544,0.046875
1.549,-0.039062
1.554,0.0078125
1.559,-0.039062
1.564,0
1.569,0.03125
1.574,-0.023438
1.579,-0.0078125
1.584,-0.03125
1.589,0
1.594,0.023438
1.599,-0.039062
1.604,-0.0078125
1.609,-0.03125
1.614,-0.03125
1.619,0.015625
1.624,0.0078125
1.629,-0.0625
1.634,-0.039062
1.639,-0.015625
1.644,-0.015625
1.649,0.023438
1.654,0
1.659,-0.0078125
1.664,0
1.669,0.023438
1.674,-0.023438
1.679,-0.0078125
1.684,-0.0078125
1.689,-0.015625
1.694,0
1.699,-0.015625
1.704,-0.015625
1.709,0.0078125
1.714,0
1.719,-0.015625
1.724,-0.015625
1.729,-0.0078125
1.734,0
1.739,0
1.744,0.03125
1.749,-0.0078125
1.754,0
1.759,-0.0078125
1.764,0.0078125
1.769,-0.023438
1.774,-0.015625
1.779,0.015625
1.784,-0.03125
1.789,-0.0078125
1.794,-0.03125
1.799,-0.0078125
1.804,0
1.809,0.0078125
1.814,0.015625
1.819,-0.039062
1.824,-0.039062
1.829,-0.015625
1.834,0.015625
1.839,-0.023438
1.844,-0.015625
1.849,-0.03125
1.854,-0.039062
1.859,0.046875
1.864,0
1.869,0.015625
1.874,-0.015625
1.879,0.0078125
1.884,-0.046875
1.889,-0.015625
1.894,-0.015625
1.899,-0.0078125
1.904,0.023438
1.909,-0.015625
1.914,0.023438
1.919,-0.054688
1.924,-0.070312
1.929,0
1.934,0.070312
1.939,-0.023438
1.944,0.015625
1.949,-0.015625
1.954,0.11719
1.959,0.03125
1.964,0.023438
1.969,-0.1875
1.974,-0.054688
1.979,0.17188
1.984,-0.046875
1.989,0.10156
1.994,-0.023438
1.999,-0.10938
2.004,-0.023438
2.009,0.0625
2.014,-0.078125
2.019,0.023438
2.024,0.015625
2.029,0.03125
2.034,-0.10156
2.039,-0.070312
2.044,-0.023438
2.049,0.10938
2.054,-0.0078125
2.059,0.015625
2.064,-0.054688
2.069,-0.0078125
2.074,-0.039062
2.079,-0.09375
2.084,0.03125
2.089,-0.0078125
2.094,-0.046875
2.099,0.046875
2.104,0.03125
2.109,-0.0625
2.114,0.046875
2.119,-0.0078125
2.124,0.0078125
2.129,-0.070312
2.134,0.039062
2.139,-0.0625
2.144,0.015625
2.149,-0.039062
2.154,-0.015625
2.159,0.03125
2.164,-0.085938
2.169,0.03125
2.174,-0.054688
2.179,-0.0078125
2.184,0.0078125
2.189,0.046875
2.194,-0.0625
2.199,-0.039062
2.204,0.0078125
2.209,-0.0078125
2.214,0.0625
2.219,-0.023438
2.224,0
2.229,0.0078125
2.234,0.023438
2.239,-0.039062
2.244,0.015625
2.249,-0.046875
2.254,-0.046875
2.259,0.054688
2.264,-0.015625
2.269,-0.046875
2.274,0.023438
2.279,-0.0625
2.284,-0.03125
2.289,-0.023438
2.294,0.11719
2.299,-0.14062
2.304,0.0625
2.309,0.015625
2.314,-0.046875
2.319,0.039062
2.324,-0.0078125
2.329,-0.054688
2.334,0
2.339,0.078125
2.344,-0.078125
2.349,0.023438
2.354,-0.039062
2.359,-0.0078125
2.364,0.0078125
2.369,-0.023438
2.374,-0.0625
2.379,0.015625
2.384,-0.0078125
2.389,0.0078125
2.394,-0.03125
2.399,0.015625
2.404,0.0078125
2.409,0
2.414,-0.015625
2.419,-0.046875
2.424,0
2.429,-0.039062
2.434,0.039062
2.439,-0.015625
2.444,-0.046875
2.449,0.054688
2.454,-0.03125
2.459,0.015625
2.464,-0.039062
2.469,0
2.474,-0.0078125
2.479,-0.039062
2.484,0.10938
2.489,-0.054688
2.494,0.023438
2.499,-0.0625
2.504,-0.039062
2.509,0.0078125
2.514,-0.023438
2.519,0.015625
2.524,-0.03125
2.529,0
2.534,0.0078125
2.539,-0.0078125
2.544,-0.054688
2.549,-0.0078125
2.554,-0.0078125
2.559,0.0625
2.564,0
2.569,-0.054688
2.574,-0.015625
2.579,0.023438
2.584,0.046875
2.589,-0.0078125
2.594,0.0078125
2.599,-0.03125
2.604,-0.03125
2.609,0.0078125
2.614,0.0078125
2.619,-0.0078125
2.624,0.0078125
2.629,-0.015625
2.634,-0.046875
2.639,-0.039062
2.644,0.03125
2.649,-0.046875
2.654,0.015625
2.659,0.015625
2.664,-0.09375
2.669,-0.039062
2.674,0.015625
2.679,0.03125
2.684,-0.03125
2.689,-0.015625
2.694,0.039062
2.699,-0.023438
2.704,-0.039062
2.709,-0.0078125
2.714,-0.039062
2.719,0.015625
2.724,0.039062
2.729,-0.03125
2.734,0.03125
2.739,-0.039062
2.744,-0.085938
2.749,-0.0078125
2.754,0.03125
2.759,-0.070312
2.764,0.046875
2.769,0
2.774,-0.046875
2.779,0.0625
2.784,0.039062
2.789,-0.039062
2.794,-0.054688
2.799,-0.03125
2.804,0.046875
2.809,-0.039062
2.814,0
2.819,-0.070312
2.824,-0.0078125
2.829,0.023438
2.834,-0.015625
2.839,0.0078125
2.844,-0.0078125
2.849,0.023438
2.854,-0.015625
2.859,0.015625
2.864,-0.039062
2.869,-0.023438
2.874,-0.015625
2.879,0
2.884,0.023438
2.889,-0.0078125
2.894,-0.054688
2.899,0
2.904,0.015625
2.909,-0.023438
2.914,-0.0078125
2.919,0.0078125
2.924,-0.023438
2.929,0.039062
2.934,0
2.939,-0.03125
2.944,0.015625
2.949,0.0078125
2.954,-0.023438
2.959,0.023438
2.964,-0.023438
2.969,0.023438
2.974,-0.0078125
2.979,-0.0625
2.984,-0.015625
2.989,0.023438
2.994,0.015625
2.999,0.023438
3.004,-0.015625
3.009,-0.046875
3.014,0
3.019,-0.015625
3.024,0.0078125
3.029,-0.039062
3.034,-0.09375
3.039,0
3.044,0.039062
3.049,0.015625
3.054,-0.015625
3.059,0.0078125
3.064,-0.09375
3.069,0.015625
3.074,0.054688
3.079,-0.015625
3.084,0.0078125
3.089,-0.070312
3.094,0.023438
3.099,-0.046875
3.104,0.14844
3.109,-0.015625
3.114,-0.015625
3.119,-0.015625
3.124,-0.054688
3.129,0.0078125
3.134,-0.015625
3.139,0.046875
3.144,-0.0625
3.149,0.078125
3.154,0.0078125
3.159,-0.023438
3.164,-0.03125
3.169,-0.046875
3.174,-0.0078125
3.179,-0.0078125
3.184,-0.078125
3.189,-0.0078125
3.194,0
3.199,0
3.204,-0.054688
3.209,-0.015625
3.214,-0.039062
3.219,0.10156
3.224,0.015625
3.229,0.046875
3.234,-0.015625
3.239,-0.039062
3.244,0.023438
3.249,-0.03125
3.254,-0.039062
3.259,-0.054688
3.264,0.0078125
3.269,-0.015625
3.274,0
3.279,-0.039062
3.284,0.023438
3.289,-0.023438
3.294,0.0078125
3.299,-0.0078125
3.304,0.054688
3.309,-0.03125
3.314,0.015625
3.319,-0.039062
3.324,-0.046875
3.329,0.0078125
3.334,-0.015625
3.339,-0.015625
3.344,-0.015625
3.349,-0.0078125
3.354,-0.0078125
3.359,0.0078125
3.364,-0.015625
3.369,0.015625
3.374,0
3.379,-0.015625
3.384,-0.03125
3.389,-0.015625
3.394,-0.015625
3.399,-0.0078125
3.404,-0.015625
3.409,0.015625
3.414,-0.015625
3.419,-0.0078125
3.424,-0.054688
3.429,0
3.434,-0.015625
3.439,-0.0078125
3.444,0.0078125
3.449,0.015625
3.454,-0.015625
3.459,-0.0078125
3.464,0.0078125
3.469,-0.03125
3.474,0.0078125
3.479,-0.0078125
3.484,-0.015625
3.489,-0.015625
3.494,0.0078125
3.499,0
3.504,0.046875
3.509,-0.015625
3.514,-0.03125
3.519,-0.023438
3.524,0.0078125
3.529,-0.039062
3.534,0.11719
3.539,-0.0625
3.544,0.046875
3.549,0.015625
3.554,-0.0078125
3.559,0
3.564,-0.03125
3.569,-0.039062
3.574,-0.125
3.579,0.10938
3.584,0.10156
3.589,0
3.594,-0.03125
3.599,-0.054688
3.604,-0.0625
3.609,-0.03125
3.614,0.11719
3.619,-0.023438
3.624,-0.10938
3.629,-0.054688
3.634,0.29688
3.639,-0.16406
3.644,0.21875
3.649,0.09375
3.654,0.17188
3.659,-0.44531
3.664,-0.57031
3.669,0.61719
3.674,-0.57031
3.679,0.40625
3.684,-0.34375
3.689,0.36719
3.694,-0.21094
3.699,-0.14062
3.704,-0.67188
3.709,0.24219
3.714,0.42188
3.719,-0.76562
3.724,0.10156
3.729,-0.90625
3.734,0.57031
3.739,0.14844
3.744,0.82812
3.749,-0.40625
3.754,-0.70312
3.759,-0.039062
3.764,0.30469
3.769,0.44531
3.774,-0.41406
3.779,0.60938
3.784,-0.19531
3.789,0.015625
3.794,0.070312
3.799,-0.47656
3.804,0.64844
3.809,0.19531
3.814,0.085938
3.819,-0.42188
3.824,-0.17188
3.829,0.054688
3.834,-0.1875
3.839,0.16406
3.844,-0.10938
3.849,-0.15625
3.854,-0.16406
3.859,0.30469
3.864,-0.03125
3.869,-0.25
3.874,0.20312
3.879,0.0078125
3.884,0.10156
3.889,-0.36719
3.894,0.23438
3.899,-0.070312
3.904,-0.10938
3.909,-0.0625
3.914,0.070312
3.919,0.0625
3.924,-0.03125
3.929,0.03125
3.934,-0.09375
3.939,0.21875
3.944,-0.14062
3.949,0.0078125
3.954,0
3.959,0.10938
3.964,0.023438
3.969,-0.11719
3.974,-0.039062
3.979,0.085938
3.984,0.0625
3.989,-0.0625
3.994,0.03125
3.999,0.023438
4.004,-0.039062
4.009,-0.015625
4.014,0.125
4.019,0.085938
4.024,-0.15625
4.029,0.015625
4.034,-0.054688
4.039,-0.085938
4.044,0.16406
4.049,-0.14062
4.054,0.085938
4.059,-0.27344
4.064,0.23438
4.069,-0.054688
4.074,-0.0625
4.079,0.28125
4.084,-0.52344
4.089,0.35156
4.094,-0.16406
4.099,-0.015625
4.104,0.14844
4.109,0.10938
4.114,-0.19531
4.119,0.085938
4.124,0.23438
4.129,-0.10938
4.134,0.03125
4.139,-0.14844
4.144,-0.03125
4.149,-0.13281
4.154,0.085938
4.159,0.085938
4.164,-0.24219
4.169,0.0078125
4.174,0.11719
4.179,0.0078125
4.184,0.046875
4.189,0.0625
4.194,-0.085938
4.199,0.03125
4.204,-0.13281
4.209,0.046875
4.214,0.023438
4.219,-0.09375
4.224,-0.015625
4.229,-0.054688
4.234,0
4.239,0.0078125
4.244,-0.039062
4.249,-0.078125
4.254,0.054688
4.259,0.0078125
4.264,0.046875
4.269,-0.078125
4.274,-0.14844
4.279,-0.0625
4.284,0.15625
4.289,0.039062
4.294,-0.078125
4.299,-0.039062
4.304,-0.32812
4.309,0.49219
4.314,-0.23438
4.319,-0.17188
4.324,-0.085938
4.329,-0.023438
4.334,0.13281
4.339,-0.015625
4.344,0.023438
4.349,-0.046875
4.354,-0.085938
4.359,0.22656
4.364,0.125
4.369,-0.17188
4.374,0.11719
4.379,0.14844
4.384,0.11719
4.389,-0.1875
4.394,-0.078125
4.399,0.17969
4.404,-0.078125
4.409,-0.15625
4.414,0.039062
4.419,-0.023438
4.424,-0.10938
4.429,0.25
4.434,-0.21094
4.439,0
4.444,-0.26562
4.449,-0.20312
4.454,0.24219
4.459,-0.054688
4.464,-0.14062
4.469,0.17188
4.474,0.11719
4.479,0.078125
4.484,0.10938
4.489,-0.14844
4.494,0.085938
4.499,-0.015625
4.504,0
4.509,0.039062
4.514,-0.11719
4.519,-0.0078125
4.524,0.070312
4.529,0
4.534,0.0078125
4.539,-0.023438
4.544,0.03125
4.549,0
4.554,-0.11719
4.559,0.0078125
4.564,0.22656
4.569,-0.14844
4.574,0
4.579,-0.046875
4.584,-0.078125
4.589,0.078125
4.594,-0.17188
4.599,-0.039062
4.604,0
4.609,-0.078125
4.614,-0.0078125
4.619,0.0078125
4.624,-0.0625
4.629,0
4.634,0.14062
4.639,-0.22656
4.644,0.125
4.649,-0.070312
4.654,0.10938
4.659,-0.015625
4.664,-0.03125
4.669,0.0078125
4.674,0.070312
4.679,-0.085938
4.684,-0.046875
4.689,0
4.694,0.015625
4.699,0.03125
4.704,0.015625
4.709,0
4.714,-0.03125
4.719,0.039062
4.724,-0.046875
4.729,0.015625
4.734,-0.039062
4.739,0.023438
4.744,0.015625
4.749,-0.054688
4.754,0
4.759,0.0078125
4.764,-0.0625
4.769,0.023438
4.774,-0.039062
4.779,-0.0078125
4.784,0.054688
4.789,-0.0078125
4.794,-0.0078125
4.799,-0.054688
4.804,0.023438
4.809,0.03125
4.814,-0.085938
4.819,0.078125
4.824,0.023438
4.829,-0.023438
4.834,-0.023438
4.839,-0.039062
4.844,-0.0078125
4.849,0.015625
4.854,-0.046875
4.859,0
4.864,0.015625
4.869,0.0078125
4.874,-0.0078125
4.879,-0.0078125
4.884,-0.054688
4.889,-0.015625
4.894,0.023438
4.899,-0.054688
4.904,0
4.909,-0.023438
4.914,-0.039062
4.919,-0.03125
4.924,0.0078125
4.929,0
4.934,0
4.939,-0.015625
4.944,0
4.949,0.0625
4.954,-0.015625
4.959,-0.015625
4.964,-0.015625
4.969,-0.046875
4.974,0.0078125
4.979,0
4.984,0.0078125
4.989,0
4.994,0.015625
4.999,0.0078125
5.004,0
5.009,-0.0078125
5.014,-0.078125
5.019,0.0078125
5.024,-0.023438
5.029,-0.015625
5.034,-0.023438
5.039,-0.023438
5.044,0.046875
5.049,-0.015625
5.054,0.03125
5.059,-0.0078125
5.064,-0.054688
5.069,0
5.074,0
5.079,-0.023438
5.084,-0.046875
5.089,-0.03125
5.094,0
5.099,-0.03125
5.104,0.0078125
5.109,-0.015625
5.114,0.015625
5.119,-0.046875
5.124,0.015625
5.129,-0.015625
5.134,0
5.139,0.078125
5.144,-0.03125
5.149,-0.03125
5.154,-0.023438
5.159,-0.070312
5.164,-0.039062
5.169,0.03125
5.174,0.0078125
5.179,-0.0078125
5.184,0.023438
5.189,-0.046875
5.194,0.0078125
5.199,0
5.204,-0.0078125
5.209,0.015625
5.214,0.023438
5.219,0.015625
5.224,-0.015625
5.229,-0.023438
5.234,0
5.239,-0.015625
5.244,0.0078125
5.249,0.0078125
5.254,-0.015625
5.259,-0.054688
5.264,0.023438
5.269,-0.0078125
5.274,-0.015625
5.279,-0.046875
5.284,-0.015625
5.289,-0.023438
5.294,0.0078125
5.299,0.015625
5.304,-0.0625
5.309,-0.070312
5.314,-0.16406
5.319,0.015625
5.324,0.10938
5.329,-0.046875
5.334,-0.0078125
5.339,-0.085938
5.344,0.015625
5.349,0.10156
5.354,-0.023438
5.359,0.0625
5.364,-0.09375
5.369,0.023438
5.374,-0.0078125
5.379,0.023438
5.384,-0.10938
5.389,0.015625
5.394,0.0078125
5.399,0.046875
5.404,-0.070312
5.409,-0.039062
5.414,0.078125
5.419,0.015625
5.424,-0.0078125
5.429,-0.054688
5.434,-0.023438
5.439,-0.0078125
5.444,0.054688
5.449,-0.0625
5.454,0.0078125
5.459,-0.046875
5.464,-0.015625
5.469,0.070312
5.474,0.015625
5.479,-0.0078125
5.484,0.023438
5.489,-0.039062
5.494,0
5.499,0.015625
5.504,0.023438
5.509,0
5.514,-0.039062
5.519,-0.015625
5.524,-0.0078125
5.529,-0.023438
5.534,-0.0078125
5.539,-0.03125
5.544,0.015625
5.549,-0.023438
5.554,-0.023438
5.559,0.015625
5.564,0
5.569,-0.015625
5.574,0
5.579,-0.023438
5.584,-0.015625
5.589,-0.015625
5.594,0
5.599,-0.03125
5.604,0.0078125
5.609,0.015625
5.614,0.0078125
5.619,-0.015625
5.624,-0.03125
5.629,0.015625
5.634,0.0078125
5.639,0.015625
5.644,-0.0078125
5.649,-0.0078125
5.654,-0.039062
5.659,-0.015625
5.664,-0.0078125
5.669,0.0078125
5.674,-0.015625
5.679,0
5.684,0
5.689,0
5.694,-0.03125
5.699,-0.0078125
5.704,0
5.709,0.0078125
5.714,-0.023438
5.719,0
5.724,-0.023438
5.729,0.0078125
5.734,-0.0078125
5.739,-0.0078125
5.744,-0.0078125
5.749,0.0078125
5.754,0.0078125
5.759,-0.023438
5.764,-0.023438
5.769,-0.046875
5.774,-0.039062
5.779,0.039062
5.784,-0.023438
5.789,-0.0078125
5.794,-0.0078125
5.799,-0.03125
5.804,0.0078125
5.809,-0.085938
5.814,0.0625
5.819,0.0078125
5.824,-0.0078125
5.829,0.039062
5.834,-0.046875
5.839,-0.023438
5.844,-0.015625
5.849,-0.046875
5.854,0.039062
5.859,0.023438
5.864,-0.03125
5.869,-0.03125
5.874,0.0078125
5.879,0.10938
5.884,0
5.889,0.023438
5.894,-0.039062
5.899,-0.070312
5.904,0.015625
5.909,-0.0078125
5.914,-0.054688
5.919,-0.023438
5.924,-0.015625
5.929,0
5.934,0.09375
5.939,-0.03125
5.944,-0.03125
5.949,0
5.954,0.054688
5.959,-0.054688
5.964,0.03125
5.969,-0.023438
5.974,0
5.979,-0.046875
5.984,0
5.989,0.14062
5.994,-0.046875
5.999,-0.03125
6.004,-0.0625
6.009,-0.0078125
6.014,-0.015625
6.019,0.046875
6.024,-0.078125
6.029,0.015625
6.034,-0.015625
6.039,-0.03125
6.044,0.10156
6.049,0.085938
6.054,-0.054688
6.059,-0.054688
6.064,-0.023438
6.069,-0.0625
6.074,0.0078125
6.079,-0.039062
6.084,-0.039062
6.089,-0.023438
6.094,0.0078125
6.099,0.0078125
6.104,0.1875
6.109,-0.085938
6.114,0.039062
6.119,-0.015625
6.124,0.03125
6.129,-0.0078125
6.134,-0.054688
6.139,0
6.144,-0.015625
6.149,0.039062
6.154,-0.070312
6.159,0.054688
6.164,-0.054688
6.169,-0.0078125
6.174,-0.0625
6.179,0.10156
6.184,-0.13281
6.189,0.054688
6.194,0.03125
6.199,-0.03125
6.204,0.023438
6.209,-0.10938
6.214,-0.015625
6.219,0.0078125
6.224,-0.0625
6.229,0.023438
6.234,-0.03125
6.239,-0.046875
6.244,0
6.249,-0.0078125
6.254,-0.0078125
6.259,-0.023438
6.264,-0.0078125
6.269,-0.039062
6.274,-0.039062
6.279,0.078125
6.284,0.023438
6.289,-0.054688
6.294,-0.078125
6.299,0.023438
6.304,0.03125
6.309,-0.015625
6.314,0.023438
6.319,-0.078125
6.324,-0.023438
6.329,-0.078125
6.334,0.23438
6.339,-0.0078125
6.344,-0.046875
6.349,0.0078125
6.354,-0.0078125
6.359,-0.14062
6.364,-0.0625
6.369,0.10156
6.374,0.03125
6.379,0.0625
6.384,0
6.389,-0.11719
6.394,-0.023438
6.399,-0.0625
6.404,0.14062
6.409,-0.015625
6.414,-0.0078125
6.419,-0.10938
6.424,0
6.429,-0.046875
6.434,0
6.439,0.09375
6.444,-0.125
6.449,-0.11719
6.454,0.085938
6.459,0.070312
6.464,0.078125
6.469,0
6.474,-0.17969
6.479,-0.10938
6.484,0.0078125
6.489,0.085938
6.494,-0.03125
6.499,-0.03125
6.504,-0.09375
6.509,-0.085938
6.514,0.046875
6.519,-0.023438
6.524,0.039062
6.529,-0.078125
6.534,-0.023438
6.539,-0.023438
6.544,-0.054688
6.549,0.015625
6.554,0.10938
6.559,0.0625
6.564,0.0078125
6.569,-0.15625
6.574,0.023438
6.579,-0.0625
6.584,0.070312
6.589,0.046875
6.594,0
6.599,-0.039062
6.604,-0.085938
6.609,-0.070312
6.614,-0.0078125
6.619,0.21094
6.624,-0.078125
6.629,0.20312
6.634,-0.19531
6.639,0.015625
6.644,-0.11719
6.649,-0.16406
6.654,0.023438
6.659,0.25781
6.664,-0.015625
6.669,-0.070312
6.674,-0.054688
6.679,-0.16406
6.684,0.0625
6.689,0.125
6.694,0.015625
6.699,-0.046875
6.704,0.023438
6.709,-0.023438
6.714,0.054688
6.719,-0.078125
6.724,-0.0078125
6.729,0.125
6.734,-0.023438
6.739,-0.0078125
6.744,-0.054688
6.749,-0.046875
6.754,-0.046875
6.759,-0.10938
6.764,0.054688
6.769,-0.03125
6.774,-0.054688
6.779,0.0625
6.784,0.070312
6.789,0.054688
6.794,-0.10938
6.799,-0.023438
6.804,-0.0625
6.809,-0.046875
6.814,0.28906
6.819,-0.046875
6.824,0.015625
6.829,0.015625
6.834,-0.11719
6.839,0.0078125
6.844,-0.11719
6.849,0.10938
6.854,-0.13281
6.859,-0.15625
6.864,-0.039062
6.869,0.32812
6.874,-0.17188
6.879,0.29688
6.884,0.0078125
6.889,-0.25
6.894,-0.14062
6.899,0.25781
6.904,-0.03125
6.909,0.054688
6.914,-0.11719
6.919,-0.41406
6.924,0.44531
6.929,0.09375
6.934,0.11719
6.939,0.1875
6.944,0.039062
6.949,0.28906
6.954,-0.10938
6.959,0.26562
6.964,-0.17969
6.969,-0.125
6.974,-0.17969
6.979,0.36719
6.984,-0.26562
6.989,0.03125
6.994,0.14062
6.999,-0.39062
7.004,0.10938
7.009,-0.25781
7.014,-0.27344
7.019,0.085938
7.024,0.10156
7.029,0.046875
7.034,0.14844
7.039,-0.20312
7.044,-0.32031
7.049,-0.0625
7.054,0.22656
7.059,-0.085938
7.064,0.0078125
7.069,-0.023438
7.074,0
7.079,-0.10938
7.084,0.070312
7.089,-0.078125
7.094,0.125
7.099,-0.085938
7.104,-0.0625
7.109,-0.023438
7.114,0.25
7.119,-0.1875
7.124,0.023438
7.129,-0.17969
7.134,0.054688
7.139,0.40625
7.144,-0.32031
7.149,0.13281
7.154,-0.47656
7.159,-0.10156
7.164,0.054688
7.169,0.26562
7.174,0.125
7.179,-0.14844
7.184,-0.36719
7.189,-0.046875
7.194,-0.46875
7.199,-0.36719
7.204,0.20312
7.209,0.0625
7.214,0.15625
7.219,0.0625
7.224,0.085938
7.229,-0.17188
7.234,0.26562
7.239,0.070312
7.244,0.51562
7.249,-0.29688
7.254,0
7.259,-0.039062
7.264,0.039062
7.269,-0.015625
7.274,-0.046875
7.279,-0.078125
7.284,0.078125
7.289,-0.09375
7.294,0.078125
7.299,0.10938
7.304,-0.054688
7.309,0.10938
7.314,-0.125
7.319,-0.21875
7.324,0.070312
7.329,-0.03125
7.334,0.046875
7.339,-0.0078125
7.344,0.35938
7.349,-0.39062
7.354,0.023438
7.359,-0.015625
7.364,-0.19531
7.369,0.13281
7.374,0.015625
7.379,0.085938
7.384,-0.0078125
7.389,-0.070312
7.394,0.070312
7.399,0.20312
7.404,-0.0625
7.409,0.070312
7.414,0.10938
7.419,-0.054688
7.424,-0.15625
7.429,-0.10938
7.434,-0.0078125
7.439,0.10156
7.444,0.25781
7.449,0.070312
7.454,-0.13281
7.459,-0.24219
7.464,0.054688
7.469,0.14844
7.474,-0.28125
7.479,0.078125
7.484,-0.29688
7.489,0.34375
7.494,-0.21875
7.499,0.015625
7.504,-0.0625
7.509,-0.10938
7.514,-0.22656
7.519,-0.22656
7.524,0.085938
7.529,-0.22656
7.534,0.50781
7.539,0.11719
7.544,-0.22656
7.549,-0.070312
7.554,0.10156
7.559,0.046875
7.564,-0.023438
7.569,0.14062
7.574,-0.0625
7.579,0.0625
7.584,0.023438
7.589,-0.0625
7.594,0.085938
7.599,0.078125
7.604,0.0078125
7.609,-0.14062
7.614,-0.0078125
7.619,0.17969
7.624,-0.13281
7.629,0.0625
7.634,0.29688
7.639,0.42969
7.644,-0.60156
7.649,-0.125
7.654,-0.5
7.659,0.25
7.664,-0.49219
7.669,0.3125
7.674,0.054688
7.679,0.085938
7.684,-0.1875
7.689,0.0625
7.694,-0.42188
7.699,-0.40625
7.704,0.99219
7.709,-0.50781
7.714,0.070312
7.719,0.21094
7.724,-0.46094
7.729,0.59375
7.734,-0.023438
7.739,-0.26562
7.744,0.27344
7.749,-0.15625
7.754,0.19531
7.759,-0.28906
7.764,0.25781
7.769,-0.1875
7.774,0.27344
7.779,-0.10938
7.784,-0.27344
7.789,0.15625
7.794,0.054688
7.799,0.015625
7.804,-0.015625
7.809,0.14062
7.814,-0.015625
7.819,-0.17188
7.824,0.03125
7.829,0.023438
7.834,0.11719
7.839,-0.0078125
7.844,-0.070312
7.849,-0.28125
7.854,0.023438
7.859,-0.10156
7.864,0.13281
7.869,0.09375
7.874,-0.0078125
7.879,-0.22656
7.884,0.15625
7.889,0.070312
7.894,-0.26562
7.899,0.26562
7.904,-0.13281
7.909,0.054688
7.914,0.03125
7.919,-0.11719
7.924,0.125
7.929,-0.17969
7.934,0.03125
7.939,0.14062
7.944,0.21875
7.949,-0.125
7.954,-0.14062
7.959,-0.09375
7.964,0.054688
7.969,-0.17969
7.974,0.29688
7.979,-0.11719
7.984,0.023438
7.989,-0.039062
7.994,-0.09375
7.999,0
8.004,-0.14844
8.009,0.25
8.014,0.52344
8.019,0.09375
8.024,-0.22656
8.029,-0.24219
8.034,-0.10156
8.039,-0.27344
8.044,0.085938
8.049,0.19531
8.054,-0.09375
8.059,0.0625
8.064,-0.0625
8.069,-0.070312
8.074,-0.24219
8.079,0.070312
8.084,-0.03125
8.089,0.054688
8.094,-0.015625
8.099,0.0078125
8.104,-0.13281
8.109,0.14844
8.114,0.070312
8.119,0.015625
8.124,0.085938
8.129,-0.15625
8.134,-0.15625
8.139,0.0625
8.144,-0.0078125
8.149,0.023438
8.154,-0.054688
8.159,-0.070312
8.164,0.023438
8.169,0.078125
8.174,-0.0625
8.179,0.09375
8.184,-0.03125
8.189,0.015625
8.194,0.0078125
8.199,-0.023438
8.204,-0.085938
8.209,0.0625
8.214,0.078125
8.219,-0.046875
8.224,0.13281
8.229,-0.125
8.234,-0.03125
8.239,0.039062
8.244,-0.03125
8.249,-0.085938
8.254,0.085938
8.259,0.070312
8.264,-0.14844
8.269,0.11719
8.274,-0.078125
8.279,-0.11719
8.284,0.24219
8.289,-0.046875
8.294,-0.015625
8.299,-0.023438
8.304,-0.13281
8.309,0.09375
8.314,-0.10938
8.319,0.125
8.324,-0.078125
8.329,0.10938
8.334,-0.015625
8.339,0.078125
8.344,-0.14844
8.349,0.046875
8.354,0.09375
8.359,-0.046875
8.364,0.03125
8.369,0.20312
8.374,0.023438
8.379,0.17188
8.384,-0.41406
8.389,0.20312
8.394,0.078125
8.399,-0.125
8.404,0.39844
8.409,-0.53906
8.414,0.14844
8.419,0.1875
8.424,-0.58594
8.429,0.22656
8.434,-0.4375
8.439,-0.09375
8.444,-0.0625
8.449,-0.11719
8.454,0.21875
8.459,-0.21094
8.464,0.32031
8.469,-0.3125
8.474,0.21875
8.479,-0.0625
8.484,0.16406
8.489,-0.0078125
8.494,-0.17969
8.499,0.078125
8.504,0.078125
8.509,-0.10156
8.514,-0.14844
8.519,-0.14062
8.524,0.19531
8.529,0.070312
8.534,-0.20312
8.539,0.125
8.544,0.20312
8.549,-0.039062
8.554,-0.085938
8.559,0.085938
8.564,-0.015625
8.569,-0.14062
8.574,0.070312
8.579,-0.24219
8.584,-0.35156
8.589,0.57812
8.594,0.054688
8.599,0.22656
8.604,-0.10938
8.609,-0.45312
8.614,0.82031
8.619,-0.085938
8.624,-0.125
8.629,0.03125
8.634,-0.10156
8.639,-0.10938
8.644,-0.25
8.649,0.023438
8.654,0.0625
8.659,0.0078125
8.664,0.375
8.669,-0.0078125
8.674,-0.75
8.679,0.35938
8.684,0.25
8.689,-0.015625
8.694,-0.085938
8.699,-0.16406
8.704,0.046875
8.709,0.070312
8.714,0.0078125
8.719,-0.023438
8.724,-0.015625
8.729,0.03125
8.734,-0.14844
8.739,-0.13281
8.744,0.13281
8.749,-0.39844
8.754,0.054688
8.759,-0.09375
8.764,0.078125
8.769,0.11719
8.774,-0.015625
8.779,-0.0625
8.784,-0.078125
8.789,0.0078125
8.794,0.085938
8.799,0.125
8.804,0.17969
8.809,-0.49219
8.814,0.19531
8.819,-0.38281
8.824,0.023438
8.829,-0.17188
8.834,0.0078125
8.839,0.078125
8.844,0.0078125
8.849,-0.09375
8.854,-0.34375
8.859,0
8.864,-0.32031
8.869,0.28125
8.874,-0.35156
8.879,0.46875
8.884,-0.39844
8.889,0.51562
8.894,-0.039062
8.899,-0.22656
8.904,-0.13281
8.909,0.25
8.914,0.015625
8.919,0.21094
8.924,-0.32031
8.929,0.125
8.934,-0.1875
8.939,-0.11719
8.944,0.14844
8.949,-0.1875
8.954,0.41406
8.959,-0.15625
8.964,0.046875
8.969,-0.125
8.974,0.29688
8.979,0.078125
8.984,0.27344
8.989,-0.32031
8.994,-0.1875
8.999,0.50781
9.004,-0.070312
9.009,0.0078125
9.014,0.023438
9.019,-0.15625
9.024,0.03125
9.029,0.078125
9.034,-0.015625
9.039,-0.023438
9.044,0.23438
9.049,0.015625
9.054,-0.054688
9.059,-0.125
9.064,0.078125
9.069,0.51562
9.074,-0.10938
9.079,-0.34375
9.084,0.17188
9.089,-0.24219
9.094,0.023438
9.099,-0.21875
9.104,-0.22656
9.109,0.10156
9.114,-0.09375
9.119,-0.023438
9.124,0.72656
9.129,-0.16406
9.134,-0.34375
9.139,0.054688
9.144,-0.54688
9.149,0.14844
9.154,0.35938
9.159,-0.21875
9.164,-0.41406
9.169,0.24219
9.174,-0.10938
9.179,0.13281
9.184,0.47656
9.189,-0.32812
9.194,0.039062
9.199,0.10938
9.204,-0.078125
9.209,0.046875
9.214,0.16406
9.219,-0.14844
9.224,-0.17188
9.229,0.10156
9.234,0.03125
9.239,0.023438
9.244,0.070312
9.249,-0.0625
9.254,0.054688
9.259,0.085938
9.264,-0.0078125
9.269,-0.22656
9.274,0
9.279,0.28906
9.284,-0.19531
9.289,-0.085938
9.294,0.09375
9.299,-0.046875
9.304,-0.054688
9.309,0.015625
9.314,0.09375
9.319,-0.27344
9.324,0.29688
9.329,0.1875
9.334,-0.09375
9.339,0.11719
9.344,-0.0625
9.349,-0.26562
9.354,0.0078125
9.359,0.054688
9.364,-0.0625
9.369,-0.015625
9.374,-0.16406
9.379,-0.14844
9.384,0.25
9.389,0.1875
9.394,0
9.399,0.0078125
9.404,-0.054688
9.409,-0.054688
9.414,-0.125
9.419,-0.0078125
9.424,-0.16406
9.429,0.015625
9.434,0.35156
9.439,-0.14844
9.444,0.22656
9.449,-0.125
9.454,-0.039062
9.459,0.14062
9.464,-0.14062
9.469,0.28125
9.474,-0.16406
9.479,0.039062
9.484,-0.41406
9.489,0.25
9.494,-0.26562
9.499,0.046875
9.504,0.10156
9.509,-0.085938
9.514,-0.11719
9.519,0.24219
9.524,-0.41406
9.529,-0.20312
9.534,0.0625
9.539,-0.13281
9.544,0.34375
9.549,-0.5
9.554,0.36719
9.559,-0.34375
9.564,0.17188
9.569,0
9.574,-0.13281
9.579,0.039062
9.584,0.10156
9.589,-0.25781
9.594,0.070312
9.599,-0.10156
9.604,0.0078125
9.609,0.0625
9.614,0.11719
9.619,0.10156
9.624,0.03125
9.629,-0.10938
9.634,0.039062
9.639,-0.14062
9.644,0.25781
9.649,0.19531
9.654,-0.20312
9.659,-0.11719
9.664,-0.24219
9.669,0.0078125
9.674,0.35156
9.679,0.14062
9.684,-0.71875
9.689,0.25781
9.694,-0.10938
9.699,-0.125
9.704,0.25781
9.709,0.11719
9.714,-0.54688
9.719,0.125
9.724,0
9.729,-0.32031
9.734,0.375
9.739,-0.0625
9.744,0.046875
9.749,-0.16406
9.754,0.125
9.759,-0.09375
9.764,-0.125
9.769,0.09375
9.774,-0.19531
9.779,0.078125
9.784,0.13281
9.789,0.046875
9.794,-0.046875
9.799,0.13281
9.804,0.039062
9.809,-0.023438
9.814,0.21094
9.819,-0.23438
9.824,0.085938
9.829,0.03125
9.834,-0.078125
9.839,0.03125
9.844,0.0078125
9.849,0.19531
9.854,-0.14844
9.859,0.078125
9.864,0.14844
9.869,-0.21875
9.874,0.21875
9.879,-0.19531
9.884,0.28125
9.889,-0.0078125
9.894,-0.046875
9.899,0.13281
9.904,-0.30469
9.909,0.039062
9.914,-0.17969
9.919,0.23438
9.924,-0.33594
9.929,0.40625
9.934,-0.25781
9.939,-0.39844
9.944,0.82812
9.949,-0.29688
9.954,-0.35156
9.959,-0.16406
9.964,-0.21094
9.969,0.32031
9.974,0.14844
9.979,-0.125
9.984,0
9.989,-0.015625
9.994,-0.20312
9.999,0.34375
10.004,0.078125
10.009,-0.49219
10.014,0.15625
10.019,0.054688
10.024,-0.14844
10.029,0.054688
10.034,0.14844
10.039,0.03125
10.044,-0.10938
10.049,-0.03125
10.054,0.054688
10.059,0.10156
10.064,-0.09375
10.069,-0.054688
10.074,0.015625
10.079,0.0625
10.084,-0.10156
10.089,-0.03125
10.094,0.14062
10.099,-0.19531
10.104,-0.10938
10.109,0.09375
10.114,0.023438
10.119,-0.125
10.124,-0.36719
10.129,-0.1875
10.134,0.60938
10.139,0.46094
10.144,0.0625
10.149,-0.046875
10.154,-0.10156
10.159,-0.0625
10.164,-0.11719
10.169,0.67188
10.174,-0.3125
10.179,0.17969
10.184,-0.46875
10.189,-0.054688
10.194,0
10.199,-0.30469
10.204,0.14844
10.209,-0.13281
10.214,0.28906
10.219,-0.070312
10.224,0.38281
10.229,-0.046875
10.234,-0.3125
10.239,-0.4375
10.244,0.64844
10.249,-0.1875
10.254,0.078125
10.259,0.27344
10.264,-0.023438
10.269,-0.085938
10.274,-0.046875
10.279,-0.16406
10.284,-0.078125
10.289,0.10938
10.294,-0.0625
10.299,0.11719
10.304,-0.11719
10.309,0.09375
10.314,-0.8125
10.319,0.86719
10.324,-0.71875
10.329,0.51562
10.334,-0.023438
10.339,-0.28906
10.344,-0.09375
10.349,-0.13281
10.354,0.30469
10.359,-0.21094
10.364,-0.21875
10.369,-0.0078125
10.374,0.69531
10.379,-0.039062
10.384,0.39844
10.389,-0.35156
10.394,0.41406
10.399,-0.77344
10.404,0.53125
10.409,-0.53125
10.414,0.0078125
10.419,0.32812
10.424,-0.054688
10.429,-0.19531
10.434,-0.32812
10.439,0.15625
10.444,-0.23438
10.449,0.47656
10.454,-0.38281
10.459,0.34375
10.464,-0.1875
10.469,-0.25
10.474,-0.054688
10.479,0.085938
10.484,0
10.489,0.03125
10.494,0.41406
10.499,-0.078125
10.504,0.0625
10.509,-0.03125
10.514,-0.054688
10.519,-0.078125
10.524,0.0625
10.529,0.046875
10.534,-0.17969
10.539,-0.054688
10.544,0.0078125
10.549,0.27344
10.554,-0.54688
10.559,-0.17188
10.564,0.27344
10.569,0.078125
10.574,-0.0078125
10.579,0.085938
10.584,-0.070312
10.589,-0.070312
10.594,0
10.599,-0.070312
10.604,-0.023438
10.609,-0.078125
10.614,0.14062
10.619,-0.15625
10.624,-0.03125
10.629,0
10.634,-0.015625
10.639,-0.054688
10.644,0.10938
10.649,0.14844
10.654,-0.023438
10.659,0.078125
10.664,-0.023438
10.669,-0.10938
10.674,0.17188
10.679,-0.17969
10.684,-0.14062
10.689,0.11719
10.694,-0.023438
10.699,-0.50781
10.704,0.39062
10.709,-0.09375
10.714,-0.17969
10.719,0.26562
10.724,-0.60938
10.729,0.17969
10.734,-0.0625
10.739,-0.039062
10.744,0.41406
10.749,-0.27344
10.754,-0.070312
10.759,0.046875
10.764,-0.054688
10.769,0.039062
10.774,-0.015625
10.779,0.14844
10.784,-0.015625
10.789,-0.20312
10.794,0.0625
10.799,0.17188
10.804,-0.10156
10.809,-0.03125
10.814,-0.015625
10.819,-0.046875
10.824,-0.039062
10.829,0.085938
10.834,0.046875
10.839,0.015625
10.844,-0.054688
10.849,-0.023438
10.854,0.03125
10.859,0.0078125
10.864,0.11719
10.869,-0.054688
10.874,0.078125
10.879,-0.25781
10.884,0.09375
10.889,-0.046875
10.894,0.085938
10.899,-0.09375
10.904,-0.046875
10.909,0.125
10.914,-0.17188
10.919,0.046875
10.924,-0.0078125
10.929,0.054688
10.934,0.3125
10.939,-0.15625
10.944,-0.10156
10.949,-0.30469
10.954,0.10938
10.959,0.03125
10.964,0.21875
10.969,0.19531
10.974,-0.41406
10.979,0.015625
10.984,-0.32031
10.989,0.58594
10.994,-0.23438
10.999,0.039062
11.004,-0.20312
11.009,-0.24219
11.014,0.4375
11.019,-0.070312
11.024,0.36719
11.029,-0.67969
11.034,-0.070312
11.039,-0.070312
11.044,0.25781
11.049,0.20312
11.054,0.039062
11.059,0.28125
11.064,-0.10156
11.069,0.10938
11.074,-0.47656
11.079,0.070312
11.084,0.0625
11.089,-0.20312
11.094,0.015625
11.099,0.046875
11.104,-0.23438
11.109,0.10156
11.114,0.10938
11.119,-0.11719
11.124,0.015625
11.129,0.125
11.134,0.039062
11.139,0.23438
11.144,-0.39062
11.149,0.015625
11.154,-0.125
11.159,0.14062
11.164,0.10938
11.169,0.046875
11.174,0.10938
11.179,0.03125
11.184,-0.40625
11.189,0.0625
11.194,-0.054688
11.199,0.046875
11.204,0.10938
11.209,-0.17969
11.214,0.15625
11.219,-0.23438
11.224,-0.10938
11.229,0.078125
11.234,0.32812
11.239,0.625
11.244,-0.039062
11.249,-0.16406
11.254,-0.38281
11.259,-0.20312
11.264,-0.0078125
11.269,0.070312
11.274,-0.10938
11.279,-0.21875
11.284,-0.10938
11.289,-0.0625
11.294,0.11719
11.299,-0.0078125
11.304,0.09375
11.309,0.039062
11.314,0.070312
11.319,-0.046875
11.324,-0.10938
11.329,0.015625
11.334,-0.054688
11.339,-0.078125
11.344,0.10938
11.349,-0.054688
11.354,0
11.359,0.125
11.364,0.046875
11.369,0
11.374,-0.09375
11.379,-0.29688
11.384,0.24219
11.389,-0.015625
11.394,0.39844
11.399,-0.75781
11.404,0.35156
11.409,-0.14062
11.414,-0.16406
11.419,0.03125
11.424,0.0625
11.429,0.73438
11.434,-0.50781
11.439,-0.039062
11.444,-0.23438
11.449,0.39062
11.454,0.14062
11.459,0.046875
11.464,-0.03125
11.469,0.070312
11.474,-0.91406
11.479,0.17188
11.484,0.52344
11.489,0.10938
11.494,0.20312
11.499,-0.13281
11.504,-0.10938
11.509,-0.65625
11.514,-0.046875
11.519,0.96875
11.524,-0.61719
11.529,0.5625
11.534,-0.0078125
11.539,-0.48438
11.544,-0.10156
11.549,-0.24219
11.554,0.32031
11.559,0.33594
11.564,-0.1875
11.569,-0.42188
11.574,0.64062
11.579,-0.64062
11.584,0.14062
11.589,-0.09375
11.594,-0.0625
11.599,0.070312
11.604,0.0078125
11.609,-0.25
11.614,0.085938
11.619,0.054688
11.624,-0.085938
11.629,0.039062
11.634,-0.09375
11.639,-0.015625
11.644,0
11.649,-0.015625
11.654,-0.16406
11.659,0.13281
11.664,0.16406
11.669,0
11.674,-0.17188
11.679,-0.10156
11.684,0.28906
11.689,-0.4375
11.694,0.32031
11.699,0.03125
11.704,0.054688
11.709,-0.054688
11.714,-0.22656
11.719,0.015625
11.724,0.32031
11.729,0.09375
11.734,-0.0625
11.739,0.10156
11.744,-0.14062
11.749,-0.015625
11.754,-0.13281
11.759,-0.125
11.764,0.078125
11.769,-0.16406
11.774,0.28906
11.779,-0.21094
11.784,-0.10156
11.789,-0.0078125
11.794,0.125
11.799,0.054688
11.804,-0.21094
11.809,0.0625
11.814,0.14062
11.819,0.015625
11.824,-0.21094
11.829,0.10156
11.834,-0.078125
11.839,0.078125
11.844,0.054688
11.849,0.13281
11.854,-0.17188
11.859,0.22656
11.864,0.09375
11.869,-0.42969
11.874,-0.17188
11.879,0.070312
11.884,-0.023438
11.889,0.32031
11.894,0.10156
11.899,-0.09375
11.904,-0.17969
11.909,0.015625
11.914,-0.20312
11.919,0.1875
11.924,0.078125
11.929,0.35938
11.934,0.039062
11.939,-0.023438
11.944,-0.32031
11.949,0.054688
11.954,0.35156
11.959,-0.28906
11.964,-0.25781
11.969,-0.10156
11.974,0.15625
11.979,-0.14844
11.984,-0.15625
11.989,-0.03125
11.994,-0.21094
11.999,0.20312
12.004,0.085938
12.009,-0.10156
12.014,0.27344
12.019,0.0625
12.024,-0.054688
12.029,-0.039062
12.034,0.35938
12.039,-0.49219
12.044,0.0625
12.049,0.054688
12.054,0.14062
12.059,0.10156
12.064,-0.03125
12.069,-0.015625
12.074,-0.15625
12.079,0.070312
12.084,0.078125
12.089,-0.0625
12.094,-0.15625
12.099,0.078125
12.104,-0.046875
12.109,0.054688
12.114,-0.14062
12.119,0.0078125
12.124,0.14062
12.129,-0.085938
12.134,0.10938
12.139,-0.32031
12.144,0.14844
12.149,-0.23438
12.154,-0.10156
12.159,0.078125
12.164,0.046875
12.169,0.21875
12.174,-0.24219
12.179,0.015625
12.184,0.015625
12.189,0.015625
12.194,0.0078125
12.199,0
12.204,0.0078125
12.209,0.023438
12.214,-0.09375
12.219,0
12.224,0.10156
12.229,-0.054688
12.234,-0.17969
12.239,0.039062
12.244,-0.078125
12.249,0.023438
12.254,-0.03125
12.259,0.03125
12.264,-0.070312
12.269,0.039062
12.274,0.0078125
12.279,0.0078125
12.284,-0.039062
12.289,-0.03125
12.294,0
12.299,-0.0078125
12.304,0.015625
12.309,-0.0625
12.314,0.046875
12.319,-0.078125
12.324,0.14844
12.329,-0.15625
12.334,-0.039062
12.339,0.10156
12.344,-0.03125
12.349,-0.046875
12.354,0.023438
12.359,0.03125
12.364,-0.23438
12.369,0.085938
12.374,-0.03125
12.379,0.023438
12.384,0.039062
12.389,-0.015625
12.394,-0.0078125
12.399,0
12.404,0.0078125
12.409,0
12.414,0.03125
12.419,0
12.424,-0.03125
12.429,0
12.434,-0.0078125
12.439,0.0078125
12.444,-0.054688
12.449,-0.03125
12.454,0.085938
12.459,-0.14844
12.464,0.10938
12.469,0.015625
12.474,-0.03125
12.479,0.03125
12.484,-0.0078125
12.489,-0.03125
12.494,0.085938
12.499,-0.0078125
12.504,-0.054688
12.509,-0.085938
12.514,0
12.519,0.38281
12.524,-0.17969
12.529,0.023438
12.534,-0.11719
12.539,-0.10156
12.544,-0.0078125
12.549,0.03125
12.554,0
12.559,0.1875
12.564,0.0625
12.569,-0.27344
12.574,0.14062
12.579,-0.27344
12.584,0.039062
12.589,0.4375
12.594,-0.046875
12.599,-0.65625
12.604,-0.44531
12.609,0.35938
12.614,0.67188
12.619,-0.14062
12.624,-0.10938
12.629,-0.20312
12.634,0
12.639,0.1875
12.644,-0.42969
12.649,0.3125
12.654,-0.39844
12.659,0.25781
12.664,0.21094
12.669,-0.15625
12.674,-0.25
12.679,0.0078125
12.684,0.25781
12.689,-0.21094
12.694,-0.15625
12.699,0.10938
12.704,-0.19531
12.709,0.3125
12.714,-0.0625
12.719,0.015625
12.724,0.0625
12.729,-0.19531
12.734,-0.09375
12.739,0.09375
12.744,0.023438
12.749,-0.11719
12.754,0.023438
12.759,-0.10156
12.764,0.15625
12.769,0.070312
12.774,0.015625
12.779,-0.078125
12.784,0.21094
12.789,-0.10938
12.794,-0.03125
12.799,-0.054688
12.804,0.10156
12.809,-0.03125
12.814,-0.10938
12.819,-0.023438
12.824,-0.046875
12.829,-0.023438
12.834,0.17188
12.839,-0.13281
12.844,-0.0078125
12.849,-0.015625
12.854,-0.0625
12.859,-0.023438
12.864,0.085938
12.869,-0.023438
12.874,-0.039062
12.879,0.125
12.884,-0.023438
12.889,0.14844
12.894,-0.070312
12.899,0.015625
12.904,-0.023438
12.909,-0.078125
12.914,-0.03125
12.919,0
12.924,-0.03125
12.929,-0.023438
12.934,-0.0078125
12.939,-0.14062
12.944,0.070312
12.949,-0.0078125
12.954,-0.15625
12.959,0.078125
12.964,0.078125
12.969,-0.10938
12.974,0.078125
12.979,0.039062
12.984,-0.054688
12.989,-0.10938
12.994,0.0625
12.999,0.03125
13.004,0.09375
13.009,0.046875
13.014,-0.039062
13.019,-0.0625
13.024,-0.085938
13.029,-0.0625
13.034,0.078125
13.039,-0.039062
13.044,0.015625
13.049,-0.15625
13.054,0.039062
13.059,0
13.064,-0.054688
13.069,0.015625
13.074,0.0078125
13.079,-0.015625
13.084,0.085938
13.089,-0.0078125
13.094,-0.054688
13.099,0.046875
13.104,-0.0078125
13.109,0.023438
13.114,-0.0078125
13.119,-0.023438
13.124,-0.046875
13.129,0.039062
13.134,0.03125
13.139,0
13.144,0.0625
13.149,-0.078125
13.154,0
13.159,0.0625
13.164,-0.21094
13.169,0.023438
13.174,-0.0078125
13.179,-0.11719
13.184,0.125
13.189,0.0625
13.194,-0.039062
13.199,0.0078125
13.204,-0.11719
13.209,-0.11719
13.214,0.03125
13.219,0.10156
13.224,-0.046875
13.229,0.023438
13.234,-0.015625
13.239,-0.22656
13.244,0.070312
13.249,0.03125
13.254,0
13.259,0
13.264,0.078125
13.269,0.0078125
13.274,-0.0625
13.279,0.19531
13.284,-0.0625
13.289,0.023438
13.294,-0.14844
13.299,-0.054688
13.304,0.32812
13.309,-0.13281
13.314,-0.17188
13.319,-0.21094
13.324,-0.0078125
13.329,-0.09375
13.334,0.17969
13.339,0.1875
13.344,0.085938
13.349,-0.20312
13.354,-0.078125
13.359,-0.26562
13.364,-0.19531
13.369,0.35156
13.374,-0.09375
13.379,0.16406
13.384,-0.61719
13.389,0.41406
13.394,-0.20312
13.399,0.24219
13.404,0.39844
13.409,-0.39062
13.414,0.125
13.419,-0.09375
13.424,0.14844
13.429,0.14062
13.434,-0.046875
13.439,0.14062
13.444,-0.30469
13.449,0.33594
13.454,-0.25
13.459,0.17188
13.464,0.085938
13.469,-0.27344
13.474,0.49219
13.479,-0.11719
13.484,-0.11719
13.489,0.03125
13.494,-0.10156
13.499,-0.25
13.504,0.054688
13.509,-0.25781
13.514,0.125
13.519,0.054688
13.524,0.015625
13.529,-0.17188
13.534,-0.039062
13.539,-0.039062
13.544,0.14062
13.549,-0.054688
13.554,0.19531
13.559,-0.070312
13.564,-0.054688
13.569,-0.054688
13.574,0.023438
13.579,-0.17188
13.584,0.0625
13.589,0.015625
13.594,0.054688
13.599,-0.0078125
13.604,0.078125
13.609,-0.09375
13.614,-0.03125
13.619,0.03125
13.624,0.023438
13.629,0.015625
13.634,0.085938
13.639,-0.054688
13.644,-0.0078125
13.649,0.023438
13.654,-0.03125
13.659,-0.023438
13.664,-0.17969
13.669,0.11719
13.674,-0.03125
13.679,0.03125
13.684,0.09375
13.689,0.17188
13.694,0.054688
13.699,-0.21875
13.704,-0.24219
13.709,0.25781
13.714,0.015625
13.719,0.21094
13.724,-0.09375
13.729,-0.24219
13.734,-0.046875
13.739,0.03125
13.744,-0.0625
13.749,0.125
13.754,-0.16406
13.759,0.054688
13.764,0.14062
13.769,-0.078125
13.774,0.078125
13.779,0.14844
13.784,-0.15625
13.789,-0.25781
13.794,-0.0625
13.799,0.16406
13.804,0.03125
13.809,-0.054688
13.814,-0.24219
13.819,0.015625
13.824,-0.20312
13.829,0.085938
13.834,-0.023438
13.839,-0.13281
13.844,0.40625
13.849,-0.14062
13.854,0.10156
13.859,-0.25781
13.864,-0.023438
13.869,-0.21875
13.874,0.24219
13.879,-0.09375
13.884,-0.0078125
13.889,0.046875
13.894,-0.023438
13.899,-0.023438
13.904,0.0078125
13.909,0.09375
13.914,-0.09375
13.919,-0.03125
13.924,0.11719
13.929,0.15625
13.934,-0.0078125
13.939,-0.023438
13.944,-0.054688
13.949,-0.078125
13.954,-0.03125
13.959,0.085938
13.964,0.015625
13.969,0.070312
13.974,-0.11719
13.979,0.13281
13.984,-0.32031
13.989,0.054688
13.994,0.10938
13.999,-0.17969
14.004,0.17188
14.009,-0.015625
14.014,0.015625
14.019,-0.039062
14.024,0.11719
14.029,-0.17188
14.034,0.070312
14.039,0.054688
14.044,-0.054688
14.049,0
14.054,-0.0625
14.059,0.054688
14.064,-0.085938
14.069,0.11719
14.074,-0.10156
14.079,-0.046875
14.084,-0.10156
14.089,0.13281
14.094,0.0078125
14.099,-0.28125
14.104,0.023438
14.109,0.070312
14.114,-0.10156
14.119,0.41406
14.124,-0.30469
14.129,-0.26562
14.134,0.054688
14.139,-0.039062
14.144,0.16406
14.149,0.09375
14.154,0.21875
14.159,-0.38281
14.164,0.17188
14.169,-0.21094
14.174,-0.1875
14.179,0.29688
14.184,-0.085938
14.189,0.10156
14.194,-0.125
14.199,0.015625
14.204,0.14062
14.209,0.14844
14.214,-0.054688
14.219,-0.29688
14.224,-0.20312
14.229,0.046875
14.234,0.19531
14.239,0.25
14.244,-0.21094
14.249,-0.023438
14.254,-0.32031
14.259,0.085938
14.264,0.15625
14.269,-0.13281
14.274,-0.09375
14.279,-0.046875
14.284,0.054688
14.289,0.03125
14.294,0.125
14.299,-0.26562
14.304,0.0078125
14.309,0.046875
14.314,-0.11719
14.319,0.10156
14.324,0.16406
14.329,-0.14844
14.334,0.0078125
14.339,-0.046875
14.344,-0.03125
14.349,0
14.354,-0.015625
14.359,0.039062
14.364,-0.078125
14.369,-0.0078125
14.374,0.054688
14.379,0.046875
14.384,-0.0625
14.389,-0.039062
14.394,0.015625
14.399,-0.023438
14.404,0.015625
14.409,0.023438
14.414,0.03125
14.419,0.023438
14.424,-0.015625
14.429,-0.039062
14.434,0.054688
14.439,-0.054688
14.444,0.03125
14.449,0.046875
14.454,-0.023438
14.459,0.0078125
14.464,-0.039062
14.469,-0.054688
14.474,0.023438
14.479,0.03125
14.484,-0.03125
14.489,-0.039062
14.494,-0.03125
14.499,0.0078125
14.504,-0.039062
14.509,0.10156
14.514,-0.039062
14.519,0.13281
14.524,-0.015625
14.529,-0.0625
14.534,-0.039062
14.539,-0.14844
14.544,-0.054688
14.549,0.09375
14.554,0.41406
14.559,-0.125
14.564,-0.09375
14.569,-0.0078125
14.574,0
14.579,-0.085938
14.584,0.0625
14.589,0.14062
14.594,-0.17969
14.599,0.25
14.604,-0.28906
14.609,-0.054688
14.614,-0.10156
14.619,-0.046875
14.624,0.17188
14.629,0
14.634,-0.22656
14.639,-0.0078125
14.644,0.14844
14.649,-0.20312
14.654,0.015625
14.659,-0.015625
14.664,0.13281
14.669,-0.23438
14.674,-0.03125
14.679,0.19531
14.684,-0.054688
14.689,0.039062
14.694,-0.085938
14.699,-0.09375
14.704,0.039062
14.709,0.054688
14.714,-0.023438
14.719,-0.046875
14.724,-0.0078125
14.729,0.03125
14.734,0.10938
14.739,0.15625
14.744,-0.10156
14.749,0.078125
14.754,0.03125
14.759,-0.10938
14.764,0.085938
14.769,0.054688
14.774,0.078125
14.779,-0.070312
14.784,-0.046875
14.789,-0.09375
14.794,-0.054688
14.799,-0.14062
14.804,0.21875
14.809,-0.33594
14.814,0.039062
14.819,0.015625
14.824,-0.054688
14.829,-0.125
14.834,0.10938
14.839,-0.0625
14.844,0.0078125
14.849,0.070312
14.854,-0.046875
14.859,0.078125
14.864,-0.24219
14.869,0.14062
14.874,-0.078125
14.879,-0.0078125
14.884,-0.0078125
14.889,0.015625
14.894,-0.10938
14.899,-0.078125
14.904,0.015625
14.909,0.070312
14.914,0.023438
14.919,0.09375
14.924,-0.039062
14.929,-0.11719
14.934,0.0078125
14.939,-0.070312
14.944,0.085938
14.949,0.0078125
14.954,0
14.959,-0.03125
14.964,-0.070312
14.969,0.0625
14.974,-0.0078125
14.979,0.0078125
14.984,0.039062
14.989,-0.14062
14.994,0.023438
14.999,-0.023438
15.004,-0.09375
15.009,0.10156
15.014,0.0625
15.019,0.039062
15.024,0.03125
15.029,-0.085938
15.034,-0.078125
15.039,-0.046875
15.044,-0.11719
15.049,0.125
15.054,0.046875
15.059,-0.015625
15.064,0.046875
15.069,-0.19531
15.074,-0.070312
15.079,0.14844
15.084,-0.0078125
15.089,0.085938
15.094,0.039062
15.099,0.0078125
15.104,-0.17188
15.109,-0.0078125
15.114,0.14844
15.119,-0.24219
15.124,0.03125
15.129,0.054688
15.134,0.0078125
15.139,-0.085938
15.144,-0.125
15.149,0.078125
15.154,0.023438
15.159,0.0625
15.164,-0.054688
15.169,0
15.174,0
15.179,-0.14844
15.184,0.078125
15.189,0.03125
15.194,-0.023438
15.199,0.015625
15.204,0.023438
15.209,-0.046875
15.214,-0.09375
15.219,0.046875
15.224,0.0625
15.229,0.054688
15.234,-0.09375
15.239,0.14844
15.244,-0.0078125
15.249,-0.13281
15.254,0.015625
15.259,0.015625
15.264,-0.03125
15.269,-0.03125
15.274,0.0078125
15.279,0.0078125
15.284,0.03125
15.289,0.023438
15.294,-0.070312
15.299,-0.046875
15.304,0.046875
15.309,0.0078125
15.314,-0.046875
15.319,0.046875
15.324,-0.0078125
15.329,0.0078125
15.334,-0.0078125
15.339,-0.039062
15.344,-0.015625
15.349,0.023438
15.354,-0.023438
15.359,0.015625
15.364,0.03125
15.369,-0.070312
15.374,-0.0078125
15.379,-0.03125
15.384,0
15.389,0.039062
15.394,-0.046875
15.399,0.0078125
15.404,0.039062
15.409,-0.125
15.414,-0.015625
15.419,0.0078125
15.424,0.0078125
15.429,0.0625
15.434,-0.0078125
15.439,-0.039062
15.444,-0.039062
15.449,-0.0625
15.454,0.015625
15.459,0.015625
15.464,-0.023438
15.469,0.0078125
15.474,-0.0078125
15.479,-0.015625
15.484,-0.0625
15.489,0.039062
15.494,0.023438
15.499,-0.03125
15.504,-0.03125
15.509,-0.015625
15.514,0
15.519,0.046875
15.524,-0.015625
15.529,0.015625
15.534,0.015625
15.539,-0.03125
15.544,-0.0078125
15.549,-0.0078125
15.554,-0.0078125
15.559,-0.015625
15.564,0.0078125
15.569,0
15.574,-0.03125
15.579,0.023438
15.584,-0.023438
15.589,-0.03125
15.594,-0.015625
15.599,0.023438
15.604,-0.03125
15.609,0.039062
15.614,-0.03125
15.619,0
15.624,0.023438
15.629,0.0078125
15.634,0.015625
15.639,0
15.644,-0.039062
15.649,-0.023438
15.654,0
15.659,-0.015625
15.664,0.0078125
15.669,-0.039062
15.674,-0.023438
15.679,-0.03125
15.684,0.023438
15.689,0.03125
15.694,-0.078125
15.699,0.0078125
15.704,-0.046875
15.709,-0.015625
15.714,0.070312
15.719,-0.0625
15.724,-0.015625
15.729,0
15.734,-0.046875
15.739,0.015625
15.744,0
15.749,0.0078125
15.754,0
15.759,-0.054688
15.764,0.015625
15.769,0.015625
15.774,-0.046875
15.779,0.0078125
15.784,0.023438
15.789,-0.03125
15.794,-0.015625
15.799,0.015625
15.804,0.0078125
15.809,-0.0078125
15.814,-0.03125
15.819,0.039062
15.824,-0.09375
15.829,-0.03125
15.834,0.015625
15.839,-0.0078125
15.844,0.015625
15.849,-0.023438
15.854,0.023438
15.859,0.0078125
15.864,-0.039062
15.869,0.0078125
15.874,-0.03125
15.879,0.03125
15.884,-0.046875
15.889,0.03125
15.894,-0.03125
15.899,-0.03125
15.904,0
15.909,0.039062
15.914,0.015625
15.919,-0.054688
15.924,0.054688
15.929,-0.054688
15.934,0.023438
15.939,-0.03125
15.944,0.0078125
15.949,0
15.954,-0.015625
15.959,-0.03125
15.964,-0.015625
15.969,0
15.974,0.0078125
15.979,0
15.984,0.0078125
15.989,0
15.994,-0.054688
15.999,-0.0078125
16.004,0.03125
16.009,-0.0625
16.014,0.015625
16.019,-0.0078125
16.024,-0.039062
16.029,0.023438
16.034,0
16.039,-0.023438
16.044,0.0078125
16.049,0.015625
16.054,0.023438
16.059,0.0078125
16.064,-0.039062
16.069,-0.015625
16.074,-0.0078125
16.079,-0.0078125
16.084,0.03125
16.089,-0.039062
16.094,0.0078125
16.099,-0.0078125
16.104,-0.023438
16.109,-0.0078125
16.114,0.0078125
16.119,0.015625
16.124,0.015625
16.129,-0.054688
16.134,-0.046875
16.139,-0.03125
16.144,-0.039062
16.149,-0.0078125
16.154,-0.03125
16.159,0.015625
16.164,0
16.169,0.0078125
16.174,-0.015625
16.179,0
16.184,-0.015625
16.189,0
16.194,0.03125
16.199,-0.039062
16.204,0.046875
16.209,-0.039062
16.214,-0.0078125
16.219,0.0078125
16.224,-0.03125
16.229,-0.03125
16.234,-0.015625
16.239,-0.015625
16.244,-0.054688
16.249,0.070312
16.254,-0.03125
16.259,0.015625
16.264,0.046875
16.269,0.046875
16.274,0
16.279,-0.023438
16.284,-0.070312
16.289,0.046875
16.294,0
16.299,-0.039062
16.304,-0.046875
16.309,-0.17188
16.314,0.023438
16.319,0.1875
16.324,-0.0078125
16.329,0.039062
16.334,-0.10156
16.339,-0.11719
16.344,-0.03125
16.349,-0.125
16.354,0
16.359,0.015625
16.364,-0.35938
16.369,0.11719
16.374,-0.023438
16.379,-0.17969
16.384,0.054688
16.389,0.015625
16.394,-0.0625
16.399,0.070312
16.404,-0.21875
16.409,-0.070312
16.414,0.070312
16.419,0.1875
16.424,0.070312
16.429,0.17969
16.434,-0.46094
16.439,0.20312
16.444,0.070312
16.449,-0.10938
16.454,0.39844
16.459,0.0078125
16.464,-0.16406
16.469,-0.054688
16.474,0.3125
16.479,0.023438
16.484,0.0625
16.489,-0.085938
16.494,0.10938
16.499,-0.015625
16.504,0.023438
16.509,-0.11719
16.514,0.46094
16.519,-0.45312
16.524,0.55469
16.529,-0.14062
16.534,-0.20312
16.539,-0.078125
16.544,-0.078125
16.549,0.21094
16.554,-0.03125
16.559,0.039062
16.564,-0.03125
16.569,0.0078125
16.574,-0.17969
16.579,-0.21875
16.584,0.10938
16.589,-0.11719
16.594,0.25
16.599,-0.14062
16.604,0.14062
16.609,-0.046875
16.614,-0.17969
16.619,-0.1875
16.624,0.03125
16.629,-0.054688
16.634,0.10156
16.639,0.023438
16.644,-0.078125
16.649,0.10938
16.654,-0.17188
16.659,-0.0078125
16.664,-0.09375
16.669,0.14844
16.674,-0.046875
16.679,0.17969
16.684,-0.22656
16.689,0.015625
16.694,-0.14844
16.699,0.078125
16.704,0.0625
16.709,-0.0625
16.714,-0.14844
16.719,0.03125
16.724,0.14062
16.729,0.0625
16.734,-0.11719
16.739,0.023438
16.744,0.21875
16.749,-0.046875
16.754,-0.078125
16.759,-0.039062
16.764,0.023438
16.769,0.0625
16.774,0.015625
16.779,-0.09375
16.784,-0.14844
16.789,-0.085938
16.794,0.11719
16.799,0.10156
16.804,-0.078125
16.809,-0.03125
16.814,-0.015625
16.819,0.10938
16.824,-0.085938
16.829,-0.21094
16.834,0.15625
16.839,0.0078125
16.844,-0.039062
16.849,0
16.854,-0.070312
16.859,-0.015625
16.864,-0.070312
16.869,0.054688
16.874,-0.10938
16.879,0.078125
16.884,0.023438
16.889,0.015625
16.894,0.046875
16.899,-0.023438
16.904,-0.085938
16.909,0.070312
16.914,-0.085938
16.919,-0.023438
16.924,-0.14844
16.929,-0.085938
16.934,0.023438
16.939,-0.085938
16.944,-0.039062
16.949,0.125
16.954,-0.039062
16.959,-0.03125
16.964,0.078125
16.969,0.070312
16.974,-0.046875
16.979,0.03125
16.984,0.039062
16.989,-0.0625
16.994,-0.0078125
16.999,0.0078125
17.004,0.039062
17.009,-0.13281
17.014,-0.17969
17.019,0.25
17.024,0.015625
17.029,-0.046875
17.034,0.125
17.039,-0.23438
17.044,0.03125
17.049,0.10938
17.054,-0.15625
17.059,-0.09375
17.064,-0.015625
17.069,0.085938
17.074,0.14844
17.079,-0.16406
17.084,-0.14844
17.089,-0.039062
17.094,0.35156
17.099,-0.36719
17.104,0.17969
17.109,0.23438
17.114,-0.085938
17.119,0.28906
17.124,-0.51562
17.129,0.085938
17.134,-0.28125
17.139,0.42969
17.144,-0.28125
17.149,0.046875
17.154,-0.13281
17.159,-0.085938
17.164,0.24219
17.169,-0.21875
17.174,0.14844
17.179,-0.32031
17.184,0.41406
17.189,0.17188
17.194,0.054688
17.199,-0.046875
17.204,-0.0625
17.209,-0.23438
17.214,0.21875
17.219,0.10938
17.224,0.0625
17.229,-0.0078125
17.234,-0.20312
17.239,-0.0625
17.244,0.24219
17.249,0.0078125
17.254,0
17.259,-0.023438
17.264,0.1875
17.269,-0.32031
17.274,-0.078125
17.279,0.15625
17.284,-0.20312
17.289,0.0625
17.294,-0.039062
17.299,0.10156
17.304,0.023438
17.309,0.015625
17.314,-0.039062
17.319,-0.10156
17.324,-0.015625
17.329,0.0078125
17.334,0.03125
17.339,0.0625
17.344,-0.17188
17.349,0.015625
17.354,-0.054688
17.359,-0.046875
17.364,-0.09375
17.369,-0.0078125
17.374,-0.023438
17.379,-0.046875
17.384,0.039062
17.389,0.015625
17.394,0
17.399,0.015625
17.404,-0.085938
17.409,-0.054688
17.414,-0.023438
17.419,-0.0078125
17.424,0.17188
17.429,-0.0078125
17.434,-0.16406
17.439,0.03125
17.444,-0.046875
17.449,0.0078125
17.454,-0.0625
17.459,0.085938
17.464,-0.0625
17.469,-0.09375
17.474,0.15625
17.479,-0.19531
17.484,0.023438
17.489,0.09375
17.494,-0.125
17.499,0.14062
17.504,0.078125
17.509,-0.19531
17.514,0.023438
17.519,0.0078125
17.524,-0.039062
17.529,-0.023438
17.534,0.046875
17.539,-0.03125
17.544,0.015625
17.549,0.125
17.554,0.03125
17.559,-0.070312
17.564,-0.03125
17.569,0.0625
17.574,0.039062
17.579,-0.03125
17.584,0.015625
17.589,-0.054688
17.594,0.054688
17.599,-0.023438
17.604,-0.054688
17.609,0.015625
17.614,-0.046875
17.619,0.039062
17.624,-0.17188
17.629,0.13281
17.634,-0.078125
17.639,0.039062
17.644,-0.039062
17.649,0.015625
17.654,-0.085938
17.659,-0.039062
17.664,0.0625
17.669,-0.10156
17.674,0.10938
17.679,-0.14062
17.684,-0.0625
17.689,0.14844
17.694,0.10938
17.699,0.11719
17.704,-0.039062
17.709,-0.34375
17.714,-0.015625
17.719,0.32812
17.724,-0.09375
17.729,0.070312
17.734,-0.15625
17.739,-0.078125
17.744,-0.085938
17.749,0.0078125
17.754,0.085938
17.759,-0.13281
17.764,0.11719
17.769,0
17.774,-0.023438
17.779,0.015625
17.784,-0.0078125
17.789,0.10156
17.794,-0.054688
17.799,-0.0625
17.804,-0.054688
17.809,0.046875
17.814,0
17.819,-0.10156
17.824,0.03125
17.829,0.023438
17.834,0.023438
17.839,-0.17188
17.844,0.023438
17.849,0.03125
17.854,0
17.859,0.023438
17.864,-0.0625
17.869,0.03125
17.874,-0.21875
17.879,0.015625
17.884,-0.039062
17.889,0.125
17.894,0.11719
17.899,0.046875
17.904,0.11719
17.909,0.023438
17.914,0.14844
17.919,0.09375
17.924,-0.20312
17.929,-0.13281
17.934,-0.054688
17.939,0.24219
17.944,-0.28906
17.949,-0.20312
17.954,-0.17969
17.959,-0.21875
17.964,0.44531
17.969,0.48438
17.974,-0.4375
17.979,0
17.984,0.3125
17.989,-0.48438
17.994,0.375
17.999,-0.44531
18.004,-0.125
18.009,0.15625
18.014,-0.11719
18.019,-0.32812
18.024,0.32031
18.029,-0.03125
18.034,0.13281
18.039,0.28906
18.044,-0.085938
18.049,-0.40625
18.054,0.13281
18.059,0.13281
18.064,0.42969
18.069,0.0078125
18.074,-0.1875
18.079,0.34375
18.084,-0.36719
18.089,0.03125
18.094,-0.14844
18.099,0.070312
18.104,-0.17969
18.109,-0.054688
18.114,-0.20312
18.119,-0.23438
18.124,0.27344
18.129,-0.085938
18.134,0.10156
18.139,-0.15625
18.144,0.0078125
18.149,0.078125
18.154,-0.125
18.159,0.14062
18.164,-0.085938
18.169,0.67969
18.174,0.054688
18.179,-0.17188
18.184,0.42188
18.189,-0.35938
18.194,0.46875
18.199,-0.75
18.204,0.039062
18.209,-0.36719
18.214,0.054688
18.219,0.0625
18.224,-0.27344
18.229,0.054688
18.234,-0.49219
18.239,0.60156
18.244,-0.75
18.249,0.33594
18.254,0.16406
18.259,-0.070312
18.264,-0.03125
18.269,-0.0078125
18.274,0.27344
18.279,0.023438
18.284,0.078125
18.289,-0.17188
18.294,0.13281
18.299,0.14062
18.304,-0.17969
18.309,0.42188
18.314,-0.8125
18.319,0.039062
18.324,0.23438
18.329,0.15625
18.334,-0.40625
18.339,0.53125
18.344,0.11719
18.349,-0.0625
18.354,-0.10156
18.359,-0.0625
18.364,0.046875
18.369,-0.125
18.374,0.17969
18.379,-0.046875
18.384,0
18.389,-0.085938
18.394,0.03125
18.399,-0.0078125
18.404,-0.38281
18.409,0.09375
18.414,0.29688
18.419,-0.16406
18.424,0.023438
18.429,-0.085938
18.434,0.015625
18.439,0.085938
18.444,-0.13281
18.449,-0.25
18.454,0.039062
18.459,-0.0078125
18.464,0.14844
18.469,-0.0625
18.474,0.21094
18.479,-0.23438
18.484,0.03125
18.489,-0.085938
18.494,-0.0078125
18.499,0.085938
18.504,-0.10156
18.509,-0.125
18.514,0.42188
18.519,-0.11719
18.524,0
18.529,-0.015625
18.534,-0.20312
18.539,0.24219
18.544,-0.16406
18.549,-0.03125
18.554,0.0625
18.559,-0.17188
18.564,0.11719
18.569,-0.078125
18.574,0
18.579,-0.078125
18.584,0.09375
18.589,0.023438
18.594,-0.03125
18.599,-0.21875
18.604,0.09375
18.609,0.046875
18.614,-0.070312
18.619,0.0625
18.624,-0.0078125
18.629,0.015625
18.634,0.054688
18.639,-0.10156
18.644,-0.15625
18.649,-0.070312
18.654,0.085938
18.659,-0.0078125
18.664,0.27344
18.669,0.039062
18.674,-0.085938
18.679,0.078125
18.684,-0.32031
18.689,-0.023438
18.694,0.15625
18.699,-0.03125
18.704,0.09375
18.709,-0.015625
18.714,0
18.719,-0.0078125
18.724,-0.09375
18.729,-0.23438
18.734,0.25
18.739,-0.14062
18.744,0.054688
18.749,0.26562
18.754,-0.51562
18.759,0.13281
18.764,0.078125
18.769,0.21875
18.774,-0.015625
18.779,0.09375
18.784,-0.023438
18.789,-0.039062
18.794,-0.10938
18.799,0.10938
18.804,-0.10938
18.809,-0.078125
18.814,-0.078125
18.819,-0.015625
18.824,0.13281
18.829,-0.039062
18.834,0.0625
18.839,0.16406
18.844,-0.10938
18.849,-0.09375
18.854,-0.0078125
18.859,0.070312
18.864,0.09375
18.869,-0.0078125
18.874,-0.125
18.879,-0.09375
18.884,-0.023438
18.889,0.015625
18.894,0.015625
18.899,-0.0625
18.904,-0.039062
18.909,-0.23438
18.914,0.35938
18.919,0.023438
18.924,-0.0078125
18.929,0.0625
18.934,-0.35156
18.939,0.085938
18.944,-0.03125
18.949,0.03125
18.954,0.070312
18.959,-0.0078125
18.964,-0.1875
18.969,-0.085938
18.974,0.078125
18.979,-0.13281
18.984,0.17188
18.989,-0.21875
18.994,0.28125
18.999,-0.15625
19.004,0.046875
19.009,-0.015625
19.014,0.070312
19.019,0.023438
19.024,-0.125
19.029,0.0625
19.034,-0.0078125
19.039,0.14844
19.044,0
19.049,0.046875
19.054,0.015625
19.059,-0.125
19.064,0.015625
19.069,0.17969
19.074,-0.22656
19.079,-0.015625
19.084,-0.03125
19.089,0.070312
19.094,0
19.099,-0.054688
19.104,-0.070312
19.109,-0.0078125
19.114,0.078125
19.119,-0.0625
19.124,0
19.129,0.11719
19.134,-0.03125
19.139,0.085938
19.144,0.054688
19.149,0.10938
19.154,-0.11719
19.159,-0.085938
19.164,0
19.169,0.070312
19.174,0.16406
19.179,-0.0078125
19.184,0.16406
19.189,-0.11719
19.194,0.0078125
19.199,0.20312
19.204,-0.23438
19.209,-0.15625
19.214,-0.17188
19.219,0.09375
19.224,-0.039062
19.229,0.046875
19.234,-0.19531
19.239,0.17969
19.244,-0.14062
19.249,-0.19531
19.254,-0.0078125
19.259,0.375
19.264,0
19.269,0.078125
19.274,-0.03125
19.279,-0.21094
19.284,0.0078125
19.289,-0.22656
19.294,0.10938
19.299,-0.40625
19.304,0.17188
19.309,0.046875
19.314,-0.0625
19.319,-0.09375
19.324,0.09375
19.329,0.11719
19.334,-0.0625
19.339,-0.0625
19.344,0.046875
19.349,-0.023438
19.354,0.023438
19.359,-0.078125
19.364,0
19.369,-0.023438
19.374,-0.046875
19.379,0.070312
19.384,-0.11719
19.389,-0.03125
19.394,-0.0078125
19.399,0.039062
19.404,-0.09375
19.409,0.0078125
19.414,-0.039062
19.419,-0.32031
19.424,0.5
19.429,-0.10156
19.434,0.054688
19.439,0.20312
19.444,-0.29688
19.449,-0.16406
19.454,0.14062
19.459,0.039062
19.464,-0.1875
19.469,0.13281
19.474,0.039062
19.479,-0.10156
19.484,0.24219
19.489,-0.3125
19.494,0.10156
19.499,0.023438
19.504,-0.046875
19.509,-0.125
19.514,0.0625
19.519,-0.054688
19.524,-0.0078125
19.529,-0.046875
19.534,0.17969
19.539,-0.15625
19.544,-0.0078125
19.549,0.10156
19.554,-0.0625
19.559,0.0078125
19.564,0.0625
19.569,0.10938
19.574,-0.070312
19.579,-0.11719
19.584,-0.0625
19.589,-0.0078125
19.594,0.03125
19.599,0.046875
19.604,-0.0625
19.609,0.085938
19.614,-0.09375
19.619,0.42188
19.624,-0.21094
19.629,0.03125
19.634,0.015625
19.639,-0.039062
19.644,-0.125
19.649,0.17969
19.654,-0.21875
19.659,0
19.664,0.0625
19.669,-0.21875
19.674,0.03125
19.679,-0.070312
19.684,0
19.689,0.09375
19.694,-0.03125
19.699,-0.015625
19.704,-0.0625
19.709,0.23438
19.714,-0.078125
19.719,-0.11719
19.724,0.039062
19.729,0.023438
19.734,-0.14062
19.739,-0.0078125
19.744,0.078125
19.749,-0.039062
19.754,0.054688
19.759,0.039062
19.764,-0.046875
19.769,0.070312
19.774,-0.078125
19.779,-0.085938
19.784,0.046875
19.789,-0.054688
19.794,-0.03125
19.799,-0.0078125
19.804,-0.0625
19.809,-0.039062
19.814,0.070312
19.819,0.039062
19.824,0.14062
19.829,-0.046875
19.834,-0.0625
19.839,0.039062
19.844,-0.054688
19.849,-0.10156
19.854,0.14062
19.859,-0.14062
19.864,0.03125
19.869,0.0078125
19.874,0.03125
19.879,-0.046875
19.884,-0.023438
19.889,-0.1875
19.894,0.14844
19.899,0.070312
19.904,-0.125
19.909,-0.03125
19.914,0.09375
19.919,0.0078125
19.924,0.054688
19.929,0.03125
19.934,-0.085938
19.939,-0.11719
19.944,0.039062
19.949,0.0625
19.954,-0.11719
19.959,0.10156
19.964,-0.054688
19.969,0.03125
19.974,-0.09375
19.979,-0.0078125
19.984,0.13281
19.989,0.03125
19.994,-0.10938
19.999,-0.0078125
20.004,-0.070312
20.009,0.0078125
20.014,0
